# K1V 36 Oph B = HD 155885 = GJ 663B = Gaia DR3 4109030160308317312 (Vmag=5.091859;GaiaDR3/synth)
# negligbly reddened (d=5.9pc), uncorrected for reddening
# lam(nm) Flux(W/m2/nm) unc_Flux(W/m2/nm)
336   1.8208135e-13  1.7990245e-14
338   1.6412566e-13  1.3458196e-14
340   1.4477247e-13  1.1395072e-14
342   1.2903034e-13  1.0003569e-14
344   1.2527834e-13  9.6594500e-15
346   1.2948122e-13  9.6043190e-15
348   1.3336382e-13  1.0396740e-14
350   1.3323930e-13  1.0934020e-14
352   1.3866246e-13  1.2526397e-14
354   1.4943733e-13  1.2999831e-14
356   1.4555375e-13  1.2995851e-14
358   1.2740357e-13  1.1317422e-14
360   1.1686617e-13  1.0633486e-14
362   1.2043886e-13  1.0616099e-14
364   1.3668058e-13  1.0172548e-14
366   1.5710815e-13  1.1560010e-14
368   1.6864350e-13  1.0917717e-14
370   1.6132890e-13  1.2731847e-14
372   1.4104965e-13  1.2651263e-14
374   1.2461158e-13  1.2999555e-14
376   1.2313100e-13  1.5081523e-14
378   1.3230492e-13  1.4083281e-14
380   1.3214590e-13  1.6200176e-14
382   1.1179971e-13  1.5961169e-14
384   8.7623986e-14  1.4575745e-14
386   8.2256160e-14  1.4978431e-14
388   9.6619876e-14  1.2927506e-14
390   1.1251296e-13  1.1601380e-14
392   1.1832366e-13  1.0876043e-14
394   1.1919357e-13  9.6207330e-15
396   1.2888836e-13  8.9635460e-15
398   1.5450100e-13  8.4681035e-15
400   1.8960972e-13  8.1357660e-15
402   2.2128371e-13  7.8393390e-15
404   2.3814953e-13  7.3877150e-15
406   2.4109425e-13  7.4536140e-15
408   2.3907867e-13  7.4045240e-15
410   2.4087300e-13  6.8697582e-15
412   2.4848210e-13  6.9445900e-15
414   2.5775416e-13  7.2252350e-15
416   2.6023733e-13  6.7182310e-15
418   2.5262927e-13  6.4841016e-15
420   2.3804775e-13  7.0128250e-15
422   2.2369082e-13  6.8694430e-15
424   2.1610644e-13  6.1229695e-15
426   2.1764155e-13  6.2874447e-15
428   2.2485330e-13  6.7917320e-15
430   2.3365610e-13  6.3595030e-15
432   2.4090403e-13  5.6636040e-15
434   2.4654100e-13  5.9543676e-15
436   2.5357716e-13  6.3799130e-15
438   2.6486990e-13  5.9538200e-15
440   2.7981477e-13  5.2973210e-15
442   2.9646186e-13  5.4688043e-15
444   3.1161650e-13  5.8853900e-15
446   3.2306040e-13  5.6549820e-15
448   3.3040945e-13  5.0451460e-15
450   3.3504815e-13  4.9180884e-15
452   3.3955100e-13  5.2473640e-15
454   3.4573624e-13  5.2906453e-15
456   3.5350016e-13  4.8752934e-15
458   3.6208992e-13  4.4991442e-15
460   3.6874637e-13  4.5358790e-15
462   3.7224447e-13  4.6965600e-15
464   3.7205989e-13  4.5946680e-15
466   3.6852690e-13  4.2598160e-15
468   3.6484333e-13  4.0187090e-15
470   3.6173056e-13  4.0076970e-15
472   3.6108136e-13  4.0536845e-15
474   3.6302938e-13  3.9605537e-15
476   3.6625170e-13  3.7365867e-15
478   3.6903440e-13  3.5327605e-15
480   3.7052997e-13  3.4573837e-15
482   3.6861610e-13  3.4485005e-15
484   3.6450004e-13  3.4083763e-15
486   3.5779127e-13  3.2817112e-15
488   3.5084845e-13  3.1190428e-15
490   3.4507530e-13  2.9914533e-15
492   3.4158350e-13  2.9332029e-15
494   3.3995552e-13  2.9100323e-15
496   3.3986412e-13  2.8696686e-15
498   3.4085663e-13  2.7863098e-15
500   3.4157190e-13  2.6703709e-15
502   3.3964476e-13  2.5540938e-15
504   3.3611628e-13  2.4890927e-15
506   3.3008391e-13  2.4699549e-15
508   3.2259864e-13  2.4634331e-15
510   3.1498330e-13  2.4305424e-15
512   3.0812175e-13  2.3553716e-15
514   3.0341460e-13  2.2624770e-15
516   3.0161095e-13  2.1917005e-15
518   3.0283050e-13  2.1666463e-15
520   3.0622453e-13  2.1713920e-15
522   3.1213576e-13  2.1778178e-15
524   3.1937346e-13  2.1557228e-15
526   3.2652285e-13  2.1005712e-15
528   3.3320860e-13  2.0391499e-15
530   3.3884316e-13  2.0016040e-15
532   3.4228845e-13  1.9957689e-15
534   3.4419557e-13  2.0109695e-15
536   3.4540301e-13  2.0222994e-15
538   3.4558202e-13  2.0050690e-15
540   3.4492390e-13  1.9578017e-15
542   3.4454670e-13  1.9037838e-15
544   3.4480562e-13  1.8690400e-15
546   3.4463488e-13  1.8619017e-15
548   3.4500574e-13  1.8812648e-15
550   3.4582233e-13  1.9053797e-15
552   3.4709093e-13  1.9133090e-15
554   3.4738990e-13  1.8883418e-15
556   3.4821684e-13  1.8455164e-15
558   3.4876087e-13  1.7991323e-15
560   3.4878814e-13  1.7694478e-15
562   3.4867535e-13  1.7708505e-15
564   3.4868037e-13  1.8009208e-15
566   3.4909223e-13  1.8441659e-15
568   3.4971420e-13  1.8790577e-15
570   3.5147287e-13  1.8957256e-15
572   3.5411290e-13  1.8881630e-15
574   3.5590950e-13  1.8530838e-15
576   3.5724680e-13  1.8062520e-15
578   3.5712337e-13  1.7581891e-15
580   3.5642518e-13  1.7241248e-15
582   3.5433223e-13  1.7019193e-15
584   3.5070978e-13  1.6848139e-15
586   3.4770917e-13  1.6736618e-15
588   3.4463085e-13  1.6572374e-15
590   3.4235540e-13  1.6361552e-15
592   3.4180598e-13  1.6156989e-15
594   3.4054522e-13  1.5886747e-15
596   3.3969496e-13  1.5664389e-15
598   3.4035313e-13  1.5593561e-15
600   3.4150630e-13  1.5655075e-15
602   3.4284964e-13  1.5827017e-15
604   3.4343126e-13  1.6023910e-15
606   3.4366634e-13  1.6204577e-15
608   3.4316205e-13  1.6291917e-15
610   3.4237858e-13  1.6267601e-15
612   3.4151485e-13  1.6128076e-15
614   3.4047407e-13  1.5882157e-15
616   3.3927174e-13  1.5563219e-15
618   3.3852050e-13  1.5239556e-15
620   3.3672183e-13  1.4880660e-15
622   3.3594270e-13  1.4603840e-15
624   3.3730963e-13  1.4465701e-15
626   3.3859700e-13  1.4366999e-15
628   3.4036012e-13  1.4323284e-15
630   3.4240520e-13  1.4317449e-15
632   3.4374006e-13  1.4303710e-15
634   3.4526750e-13  1.4322375e-15
636   3.4415724e-13  1.4866575e-15
638   3.3487400e-13  2.5154962e-15
640   3.2455825e-13  3.9452143e-15
642   3.2245522e-13  5.5364966e-15
644   3.2427273e-13  6.3006590e-15
646   3.2684720e-13  6.1016683e-15
648   3.2881090e-13  5.7517300e-15
650   3.3000322e-13  5.4673770e-15
652   3.2938120e-13  5.2566433e-15
654   3.2767804e-13  4.9675020e-15
656   3.2622646e-13  4.6452905e-15
658   3.2647340e-13  4.4179030e-15
660   3.2884490e-13  4.2009704e-15
662   3.3196633e-13  3.9160387e-15
664   3.3385913e-13  3.6692273e-15
666   3.3313825e-13  3.4837010e-15
668   3.3092303e-13  3.2605254e-15
670   3.2855988e-13  3.0207580e-15
672   3.2655841e-13  2.8509693e-15
674   3.2530318e-13  2.7009782e-15
676   3.2561966e-13  2.5249137e-15
678   3.2531798e-13  2.3845066e-15
680   3.2413800e-13  2.3006088e-15
682   3.2220903e-13  2.1941957e-15
684   3.1955670e-13  2.0773004e-15
686   3.1713307e-13  2.0159825e-15
688   3.1574320e-13  1.9618830e-15
690   3.1511875e-13  1.8709583e-15
692   3.1432154e-13  1.8087476e-15
694   3.1414902e-13  1.7923598e-15
696   3.1306872e-13  1.7356840e-15
698   3.1144624e-13  1.6644065e-15
700   3.0940000e-13  1.6573070e-15
702   3.0843465e-13  1.6584817e-15
704   3.0704787e-13  1.5810603e-15
706   3.0596900e-13  1.5198970e-15
708   3.0524316e-13  1.5575191e-15
710   3.0341870e-13  1.5692396e-15
712   3.0106598e-13  1.4801760e-15
714   2.9872177e-13  1.4212602e-15
716   2.9719215e-13  1.4806124e-15
718   2.9648685e-13  1.5067828e-15
720   2.9590767e-13  1.4105616e-15
722   2.9656440e-13  1.3465154e-15
724   2.9610960e-13  1.4134745e-15
726   2.9497184e-13  1.4560771e-15
728   2.9383345e-13  1.3675039e-15
730   2.9170896e-13  1.2760561e-15
732   2.8902746e-13  1.3277950e-15
734   2.8688494e-13  1.3956794e-15
736   2.8603845e-13  1.3384087e-15
738   2.8540598e-13  1.2365812e-15
740   2.8504797e-13  1.2599484e-15
742   2.8497628e-13  1.3469578e-15
744   2.8429058e-13  1.3300480e-15
746   2.8329642e-13  1.2273438e-15
748   2.8185483e-13  1.2015199e-15
750   2.8112313e-13  1.2841320e-15
752   2.8009629e-13  1.3174275e-15
754   2.7995507e-13  1.2489357e-15
756   2.7931452e-13  1.1823263e-15
758   2.7907424e-13  1.2176315e-15
760   2.7890654e-13  1.2733898e-15
762   2.7789000e-13  1.2489624e-15
764   2.7677876e-13  1.1859475e-15
766   2.7585426e-13  1.1866993e-15
768   2.7496348e-13  1.2429240e-15
770   2.7481075e-13  1.2622936e-15
772   2.7406450e-13  1.2129837e-15
774   2.7305512e-13  1.1670270e-15
776   2.7216560e-13  1.1809158e-15
778   2.7102000e-13  1.2116406e-15
780   2.6958810e-13  1.2068622e-15
782   2.6746593e-13  1.1830013e-15
784   2.6635750e-13  1.1907750e-15
786   2.6525765e-13  1.2111297e-15
788   2.6436538e-13  1.1982011e-15
790   2.6388093e-13  1.1597041e-15
792   2.6337280e-13  1.1548368e-15
794   2.6308770e-13  1.2016291e-15
796   2.6264277e-13  1.2333918e-15
798   2.6139795e-13  1.1961594e-15
800   2.6017100e-13  1.1313112e-15
802   2.5836825e-13  1.1243508e-15
804   2.5632390e-13  1.1858796e-15
806   2.5494760e-13  1.2291751e-15
808   2.5342898e-13  1.1882018e-15
810   2.5203300e-13  1.1066491e-15
812   2.5099332e-13  1.0943288e-15
814   2.4929375e-13  1.1741448e-15
816   2.4896068e-13  1.2555594e-15
818   2.4797440e-13  1.2430726e-15
820   2.4744237e-13  1.1591565e-15
822   2.4631146e-13  1.1060731e-15
824   2.4528085e-13  1.1640958e-15
826   2.4485450e-13  1.2695534e-15
828   2.4429540e-13  1.3101964e-15
830   2.4351050e-13  1.2567950e-15
832   2.4277330e-13  1.1808412e-15
834   2.4136736e-13  1.1810510e-15
836   2.3997655e-13  1.2678545e-15
838   2.3911190e-13  1.3514497e-15
840   2.3715330e-13  1.3517907e-15
842   2.3539826e-13  1.2885700e-15
844   2.3239500e-13  1.2342058e-15
846   2.3120584e-13  1.2712479e-15
848   2.3007337e-13  1.3611409e-15
850   2.2928797e-13  1.4254071e-15
852   2.2798170e-13  1.4181575e-15
854   2.2745206e-13  1.3744952e-15
856   2.2710387e-13  1.3549197e-15
858   2.2727617e-13  1.3971424e-15
860   2.2694264e-13  1.4657290e-15
862   2.2634992e-13  1.5101227e-15
864   2.2616814e-13  1.5148204e-15
866   2.2596780e-13  1.5001505e-15
868   2.2715440e-13  1.5150279e-15
870   2.2579917e-13  1.5489564e-15
872   2.2654875e-13  1.6128921e-15
874   2.2635458e-13  1.6569243e-15
876   2.2673623e-13  1.6826078e-15
878   2.2719600e-13  1.6987141e-15
880   2.2881913e-13  1.7296013e-15
882   2.2883810e-13  1.7583523e-15
884   2.2844650e-13  1.7874055e-15
886   2.2735049e-13  1.8120324e-15
888   2.2624302e-13  1.8462182e-15
890   2.2525331e-13  1.9006130e-15
892   2.2362507e-13  1.9638158e-15
894   2.2178280e-13  2.0186000e-15
896   2.2105538e-13  2.0579627e-15
898   2.1954826e-13  2.0649624e-15
900   2.1885461e-13  2.0782420e-15
902   2.1842379e-13  2.1225246e-15
904   2.1743015e-13  2.1981263e-15
906   2.1638121e-13  2.2870842e-15
908   2.1656750e-13  2.3697633e-15
910   2.1521710e-13  2.3994637e-15
912   2.1404725e-13  2.4087718e-15
914   2.1321416e-13  2.4354747e-15
916   2.1244284e-13  2.5056113e-15
918   2.1005033e-13  2.5935622e-15
920   2.0878523e-13  2.6954196e-15
922   2.0909294e-13  2.7804150e-15
924   2.0749284e-13  2.7911154e-15
926   2.0623846e-13  2.7823643e-15
928   2.0675477e-13  2.8201720e-15
930   2.0603987e-13  2.8967250e-15
932   2.0521613e-13  3.0171928e-15
934   2.0517476e-13  3.1505458e-15
936   2.0496849e-13  3.2385426e-15
938   2.0495053e-13  3.2720203e-15
940   2.0373555e-13  3.2544226e-15
942   2.0243087e-13  3.2553926e-15
944   2.0343433e-13  3.3572290e-15
946   2.0132120e-13  3.4707452e-15
948   1.9997884e-13  3.6144094e-15
950   2.0081185e-13  3.7608880e-15
952   1.9876092e-13  3.7866426e-15
954   1.9789963e-13  3.7814340e-15
956   1.9853480e-13  3.8022797e-15
958   1.9763870e-13  3.8479420e-15
960   1.9724470e-13  3.9787600e-15
962   1.9681708e-13  4.1529910e-15
964   1.9683459e-13  4.3204630e-15
966   1.9466731e-13  4.3740633e-15
968   1.9385787e-13  4.3853314e-15
970   1.9354657e-13  4.3782697e-15
972   1.9031237e-13  4.3481073e-15
974   1.9012333e-13  4.4879490e-15
976   1.8858484e-13  4.6931770e-15
978   1.8529548e-13  4.8812580e-15
980   1.8600276e-13  5.1180407e-15
982   1.8279218e-13  5.1361290e-15
984   1.8229260e-13  5.1241580e-15
986   1.8139446e-13  5.0679200e-15
988   1.7891360e-13  5.0461520e-15
990   1.8037552e-13  5.3027862e-15
992   1.7827459e-13  5.6186643e-15
994   1.7890329e-13  6.0914350e-15
996   1.7918742e-13  6.5065100e-15
998   1.7760304e-13  6.7138665e-15
1000  1.7765550e-13  6.8297647e-15
1002  1.7677078e-13  6.8467892e-15
1004  1.7480838e-13  6.9458580e-15
1006  1.7528115e-13  7.4735800e-15
1008  1.7285057e-13  8.2779020e-15
1010  1.7279594e-13  9.4599486e-15
1012  1.7389937e-13  1.0730400e-14
1014  1.7226994e-13  1.1582430e-14
1016  1.7574919e-13  1.2367320e-14
1018  1.7407855e-13  1.2403223e-14
1020  1.7743267e-13  1.2710295e-14
