# K5V standard 61 Cyg A = HD 201091 = Gaia DR3 1872046609345556480 (Vmag=5.234)
# negligibly reddened (d=3.5pc), (see https://github.com/emamajek/SpectralType/blob/master/K5V.txt)
# lam(nm) Flux(W/m2/nm) unc_Flux(W/m2/nm)
336   9.6099910e-14  1.1107611e-14
338   9.1918910e-14  8.3258340e-15
340   8.1462700e-14  6.8311945e-15
342   6.4035530e-14  5.9486610e-15
344   5.6156645e-14  5.6119690e-15
346   6.4027520e-14  5.5139236e-15
348   7.5440556e-14  5.8184243e-15
350   7.6474050e-14  6.1119180e-15
352   7.4602600e-14  6.7580850e-15
354   7.9601720e-14  7.0756397e-15
356   7.7393600e-14  6.7914920e-15
358   6.0898940e-14  6.0485720e-15
360   4.8747880e-14  5.5372784e-15
362   5.1984194e-14  5.5744790e-15
364   6.4664510e-14  5.4106428e-15
366   7.1967924e-14  6.0238933e-15
368   6.8303185e-14  5.9788015e-15
370   6.0717990e-14  6.8012574e-15
372   5.5627770e-14  6.8251653e-15
374   5.0400940e-14  7.4043600e-15
376   4.3872960e-14  8.1471190e-15
378   4.3435324e-14  8.1518260e-15
380   5.0545295e-14  9.3349800e-15
382   5.2468067e-14  8.9125990e-15
384   4.0494650e-14  8.8952050e-15
386   2.6515689e-14  8.7177070e-15
388   2.7649750e-14  7.4978650e-15
390   4.2371285e-14  7.1863190e-15
392   5.5169210e-14  6.4562605e-15
394   5.6889690e-14  5.7344952e-15
396   5.3812962e-14  5.5961785e-15
398   5.8678716e-14  5.1617530e-15
400   7.6807730e-14  4.8963570e-15
402   1.0154734e-13  4.8918780e-15
404   1.1974995e-13  4.6476626e-15
406   1.2456076e-13  4.5306585e-15
408   1.1989055e-13  4.5602300e-15
410   1.1587496e-13  4.4646094e-15
412   1.1974685e-13  4.4275814e-15
414   1.3041445e-13  4.4441640e-15
416   1.3881687e-13  4.3720076e-15
418   1.3700673e-13  4.3808705e-15
420   1.2424000e-13  4.4028544e-15
422   1.0787463e-13  4.2955740e-15
424   9.8359300e-14  4.2861280e-15
426   1.0231239e-13  4.3926750e-15
428   1.1816683e-13  4.2964850e-15
430   1.3889835e-13  4.1271854e-15
432   1.5628994e-13  4.2056230e-15
434   1.6595789e-13  4.2950987e-15
436   1.6964517e-13  4.1091224e-15
438   1.7267589e-13  3.9235830e-15
440   1.7936915e-13  4.0251000e-15
442   1.9179042e-13  4.1180270e-15
444   2.0832962e-13  3.9230360e-15
446   2.2546852e-13  3.6951524e-15
448   2.3989502e-13  3.7529938e-15
450   2.5016400e-13  3.8761494e-15
452   2.5735474e-13  3.7530793e-15
454   2.6367211e-13  3.4984167e-15
456   2.7073640e-13  3.4349399e-15
458   2.7944183e-13  3.5444644e-15
460   2.8810092e-13  3.5205990e-15
462   2.9499705e-13  3.2993136e-15
464   2.9820020e-13  3.1111266e-15
466   2.9643624e-13  3.1212872e-15
468   2.9141760e-13  3.1864784e-15
470   2.8392197e-13  3.0947000e-15
472   2.7663120e-13  2.8806189e-15
474   2.7132647e-13  2.7383890e-15
476   2.6857629e-13  2.7519264e-15
478   2.6807758e-13  2.7876653e-15
480   2.6935358e-13  2.7152524e-15
482   2.7027406e-13  2.5487374e-15
484   2.7066700e-13  2.4280010e-15
486   2.6903956e-13  2.4158976e-15
488   2.6608387e-13  2.4449244e-15
490   2.6213637e-13  2.4115197e-15
492   2.5773055e-13  2.3027220e-15
494   2.5263252e-13  2.1862969e-15
496   2.4697873e-13  2.1345853e-15
498   2.4096144e-13  2.1409060e-15
500   2.3416506e-13  2.1383226e-15
502   2.2554665e-13  2.0793600e-15
504   2.1639675e-13  1.9954527e-15
506   2.0669686e-13  1.9331985e-15
508   1.9770137e-13  1.9212490e-15
510   1.9075774e-13  1.9357870e-15
512   1.8681392e-13  1.9315727e-15
514   1.8691996e-13  1.8931560e-15
516   1.9146630e-13  1.8394356e-15
518   2.0017858e-13  1.8028997e-15
520   2.1189605e-13  1.7956347e-15
522   2.2612149e-13  1.8088859e-15
524   2.4130090e-13  1.8143030e-15
526   2.5572990e-13  1.7959873e-15
528   2.6862680e-13  1.7654101e-15
530   2.7925294e-13  1.7435601e-15
532   2.8659690e-13  1.7402355e-15
534   2.9130894e-13  1.7537180e-15
536   2.9437653e-13  1.7682958e-15
538   2.9589240e-13  1.7638521e-15
540   2.9641884e-13  1.7365870e-15
542   2.9729133e-13  1.7022888e-15
544   2.9912065e-13  1.6791530e-15
546   3.0117330e-13  1.6722717e-15
548   3.0435683e-13  1.6827740e-15
550   3.0854210e-13  1.6961928e-15
552   3.1360070e-13  1.6986404e-15
554   3.1804317e-13  1.6779424e-15
556   3.2299860e-13  1.6473086e-15
558   3.2750890e-13  1.6162907e-15
560   3.3116018e-13  1.5974384e-15
562   3.3416520e-13  1.5982848e-15
564   3.3669505e-13  1.6146422e-15
566   3.3901912e-13  1.6348955e-15
568   3.4099543e-13  1.6447641e-15
570   3.4362640e-13  1.6408860e-15
572   3.4680041e-13  1.6225519e-15
574   3.4898096e-13  1.5899080e-15
576   3.5069593e-13  1.5567482e-15
578   3.5109567e-13  1.5288589e-15
580   3.5114817e-13  1.5135667e-15
582   3.5009867e-13  1.5032746e-15
584   3.4781540e-13  1.4890610e-15
586   3.4639877e-13  1.4721781e-15
588   3.4510548e-13  1.4454938e-15
590   3.4475293e-13  1.4131709e-15
592   3.4621416e-13  1.3832184e-15
594   3.4695947e-13  1.3521897e-15
596   3.4805175e-13  1.3311714e-15
598   3.5056192e-13  1.3284680e-15
600   3.5340700e-13  1.3402206e-15
602   3.5623143e-13  1.3613990e-15
604   3.5801543e-13  1.3817707e-15
606   3.5917585e-13  1.3961446e-15
608   3.5931043e-13  1.3978273e-15
610   3.5893014e-13  1.3865664e-15
612   3.5829187e-13  1.3642388e-15
614   3.5735410e-13  1.3340561e-15
616   3.5619740e-13  1.3009642e-15
618   3.5552727e-13  1.2718967e-15
620   3.5382371e-13  1.2442626e-15
622   3.5330020e-13  1.2266056e-15
624   3.5517440e-13  1.2217504e-15
626   3.5712540e-13  1.2193077e-15
628   3.5974628e-13  1.2189451e-15
630   3.6283230e-13  1.2182844e-15
632   3.6532217e-13  1.2132705e-15
634   3.6815690e-13  1.2078541e-15
636   3.6805295e-13  1.1582427e-15
638   3.5912960e-13  1.6008079e-15
640   3.4918834e-13  2.3878384e-15
642   3.4801494e-13  3.4060124e-15
644   3.5130696e-13  3.9421870e-15
646   3.5607652e-13  3.8218148e-15
648   3.6096232e-13  3.6561762e-15
650   3.6570188e-13  3.5531906e-15
652   3.6864503e-13  3.4324867e-15
654   3.6987554e-13  3.2829792e-15
656   3.7024770e-13  3.1866843e-15
658   3.7114504e-13  3.0980882e-15
660   3.7327327e-13  2.9478960e-15
662   3.7557834e-13  2.8200986e-15
664   3.7631947e-13  2.7513409e-15
666   3.7423217e-13  2.6349166e-15
668   3.7063733e-13  2.4901934e-15
670   3.6695451e-13  2.4253567e-15
672   3.6363203e-13  2.3719118e-15
674   3.6102645e-13  2.2412157e-15
676   3.6006013e-13  2.1497207e-15
678   3.5841054e-13  2.1457947e-15
680   3.5600320e-13  2.0882418e-15
682   3.5327313e-13  1.9617427e-15
684   3.5055570e-13  1.9263172e-15
686   3.4909502e-13  1.9528474e-15
688   3.4975514e-13  1.8767775e-15
690   3.5196620e-13  1.7668086e-15
692   3.5422847e-13  1.7783402e-15
694   3.5697470e-13  1.7998599e-15
696   3.5813675e-13  1.6927119e-15
698   3.5798607e-13  1.6114866e-15
700   3.5670630e-13  1.6754891e-15
702   3.5619988e-13  1.6956414e-15
704   3.5492838e-13  1.5686872e-15
706   3.5389360e-13  1.5109195e-15
708   3.5326362e-13  1.6156406e-15
710   3.5145587e-13  1.6376453e-15
712   3.4923654e-13  1.5011798e-15
714   3.4734067e-13  1.4419149e-15
716   3.4678543e-13  1.5544649e-15
718   3.4757890e-13  1.5865382e-15
720   3.4878420e-13  1.4503890e-15
722   3.5151100e-13  1.3895412e-15
724   3.5277483e-13  1.5061964e-15
726   3.5293106e-13  1.5538275e-15
728   3.5276258e-13  1.4274740e-15
730   3.5115324e-13  1.3436305e-15
732   3.4872775e-13  1.4641239e-15
734   3.4690560e-13  1.5555342e-15
736   3.4664727e-13  1.4465808e-15
738   3.4662873e-13  1.2913575e-15
740   3.4688460e-13  1.3541624e-15
742   3.4742060e-13  1.5089880e-15
744   3.4718860e-13  1.4937771e-15
746   3.4665925e-13  1.3300251e-15
748   3.4576462e-13  1.2743070e-15
750   3.4596948e-13  1.4110404e-15
752   3.4598298e-13  1.4953384e-15
754   3.4710543e-13  1.4077121e-15
756   3.4741910e-13  1.2722088e-15
758   3.4787120e-13  1.2913069e-15
760   3.4799802e-13  1.4037159e-15
762   3.4673647e-13  1.4194467e-15
764   3.4523808e-13  1.3174083e-15
766   3.4411574e-13  1.2367970e-15
768   3.4339470e-13  1.2803821e-15
770   3.4404300e-13  1.3654561e-15
772   3.4431545e-13  1.3732642e-15
774   3.4439777e-13  1.3122883e-15
776   3.4448494e-13  1.2727243e-15
778   3.4385393e-13  1.3005927e-15
780   3.4234228e-13  1.3500355e-15
782   3.3948557e-13  1.3609873e-15
784   3.3765617e-13  1.3362911e-15
786   3.3588050e-13  1.3064929e-15
788   3.3471012e-13  1.3096157e-15
790   3.3459660e-13  1.3507150e-15
792   3.3502877e-13  1.3941082e-15
794   3.3618908e-13  1.3975746e-15
796   3.3734000e-13  1.3439490e-15
798   3.3736447e-13  1.2683609e-15
800   3.3706547e-13  1.2458216e-15
802   3.3553602e-13  1.2943665e-15
804   3.3320585e-13  1.3500795e-15
806   3.3138097e-13  1.3474943e-15
808   3.2921056e-13  1.2834737e-15
810   3.2725786e-13  1.2312150e-15
812   3.2600043e-13  1.2506202e-15
814   3.2420434e-13  1.2984162e-15
816   3.2449050e-13  1.3057365e-15
818   3.2413102e-13  1.2452597e-15
820   3.2441780e-13  1.1950730e-15
822   3.2381023e-13  1.2327845e-15
824   3.2309653e-13  1.3310858e-15
826   3.2287940e-13  1.3842023e-15
828   3.2220010e-13  1.3278254e-15
830   3.2101470e-13  1.2062807e-15
832   3.1980581e-13  1.1508481e-15
834   3.1776290e-13  1.2340685e-15
836   3.1589922e-13  1.3689653e-15
838   3.1495601e-13  1.4336071e-15
840   3.1281312e-13  1.3785446e-15
842   3.1113783e-13  1.2716905e-15
844   3.0792388e-13  1.2201388e-15
846   3.0711848e-13  1.2891105e-15
848   3.0629160e-13  1.3932160e-15
850   3.0574670e-13  1.4419214e-15
852   3.0428462e-13  1.4099705e-15
854   3.0364527e-13  1.3575373e-15
856   3.0309089e-13  1.3485686e-15
858   3.0316453e-13  1.3947335e-15
860   3.0260473e-13  1.4388086e-15
862   3.0184497e-13  1.4398938e-15
864   3.0185960e-13  1.4131961e-15
866   3.0211846e-13  1.4055937e-15
868   3.0450048e-13  1.4566645e-15
870   3.0368710e-13  1.5126905e-15
872   3.0582275e-13  1.5494050e-15
874   3.0669320e-13  1.5237762e-15
876   3.0823548e-13  1.4780178e-15
878   3.0968360e-13  1.4710565e-15
880   3.1246113e-13  1.5403064e-15
882   3.1277463e-13  1.6301289e-15
884   3.1227960e-13  1.6854898e-15
886   3.1064138e-13  1.6746753e-15
888   3.0889825e-13  1.6274804e-15
890   3.0732440e-13  1.6055098e-15
892   3.0497686e-13  1.6470018e-15
894   3.0250013e-13  1.7355109e-15
896   3.0173850e-13  1.8219638e-15
898   3.0010220e-13  1.8476639e-15
900   2.9972975e-13  1.8284388e-15
902   2.9981085e-13  1.8034005e-15
904   2.9914181e-13  1.8150461e-15
906   2.9835254e-13  1.8771747e-15
908   2.9917895e-13  1.9646658e-15
910   2.9777315e-13  2.0083041e-15
912   2.9651162e-13  2.0086796e-15
914   2.9564353e-13  1.9919972e-15
916   2.9483656e-13  1.9998293e-15
918   2.9180697e-13  2.0405744e-15
920   2.9041805e-13  2.1202437e-15
922   2.9132775e-13  2.1987764e-15
924   2.8969744e-13  2.2066824e-15
926   2.8864503e-13  2.1721853e-15
928   2.9013104e-13  2.1522794e-15
930   2.8989370e-13  2.1663605e-15
932   2.8943960e-13  2.2422800e-15
934   2.8997050e-13  2.3553977e-15
936   2.9011065e-13  2.4402560e-15
938   2.9034116e-13  2.4650222e-15
940   2.8870756e-13  2.4181850e-15
942   2.8681365e-13  2.3583028e-15
944   2.8811288e-13  2.3719614e-15
946   2.8499162e-13  2.4242824e-15
948   2.8302862e-13  2.5328483e-15
950   2.8427483e-13  2.6586516e-15
952   2.8161284e-13  2.6897163e-15
954   2.8082604e-13  2.6745254e-15
956   2.8234446e-13  2.6559233e-15
958   2.8182437e-13  2.6535720e-15
960   2.8208935e-13  2.7337544e-15
962   2.8229526e-13  2.8736999e-15
964   2.8304388e-13  3.0235053e-15
966   2.8046977e-13  3.0859574e-15
968   2.7960655e-13  3.0954707e-15
970   2.7918192e-13  3.0672029e-15
972   2.7425530e-13  3.0138904e-15
974   2.7345670e-13  3.0963357e-15
976   2.7051042e-13  3.2575689e-15
978   2.6494117e-13  3.4316055e-15
980   2.6506442e-13  3.6435203e-15
982   2.5968630e-13  3.6851270e-15
984   2.5834386e-13  3.6823230e-15
986   2.5669040e-13  3.6303675e-15
988   2.5310608e-13  3.6046576e-15
990   2.5543142e-13  3.8007804e-15
992   2.5303570e-13  4.0661180e-15
994   2.5480684e-13  4.4556810e-15
996   2.5633854e-13  4.7948155e-15
998   2.5536685e-13  4.9617094e-15
1000  2.5683736e-13  5.0451637e-15
1002  2.5696128e-13  5.0613530e-15
1004  2.5542450e-13  5.1811337e-15
1006  2.5727828e-13  5.6878560e-15
1008  2.5462700e-13  6.4451745e-15
1010  2.5516980e-13  7.4818840e-15
1012  2.5709114e-13  8.5358210e-15
1014  2.5462780e-13  9.1841716e-15
1016  2.5938700e-13  9.6988850e-15
1018  2.5627176e-13  9.5622540e-15
1020  2.6035448e-13  9.6419810e-15
