# K7V standard 61 Cyg B = HD 201092 = Gaia DR3 1872046574983497216 (Vmag=6.055)
# negligibly reddened (d=3.6pc), so not dereddened (see https://github.com/emamajek/SpectralType/blob/master/K7V.txt)
# lam(nm) Flux(W/m2/nm) unc_Flux(W/m2/nm)
336   4.1153035e-14  5.5871870e-15
338   3.6319620e-14  4.1491200e-15
340   3.1887833e-14  3.3507446e-15
342   2.6399620e-14  2.8650850e-15
344   2.3290345e-14  2.6610019e-15
346   2.4621864e-14  2.5723420e-15
348   2.8000582e-14  2.6503970e-15
350   2.9549560e-14  2.8043662e-15
352   3.0644170e-14  3.0098763e-15
354   3.2801178e-14  3.2529807e-15
356   3.1076350e-14  3.0053197e-15
358   2.4771970e-14  2.7363240e-15
360   2.0598925e-14  2.4690392e-15
362   2.1147530e-14  2.4735696e-15
364   2.3998763e-14  2.4472853e-15
366   2.5268080e-14  2.5898913e-15
368   2.4565410e-14  2.7449458e-15
370   2.4072627e-14  2.9098102e-15
372   2.3791006e-14  3.0180966e-15
374   2.1367345e-14  3.3230614e-15
376   1.7575071e-14  3.3829232e-15
378   1.7335810e-14  3.7216053e-15
380   2.1522731e-14  3.9590748e-15
382   2.3607096e-14  3.7295210e-15
384   1.9086497e-14  4.0152754e-15
386   1.3115641e-14  3.5667245e-15
388   1.3117557e-14  3.2034560e-15
390   1.8318932e-14  3.1773102e-15
392   2.2262389e-14  2.6041098e-15
394   2.1618681e-14  2.4546090e-15
396   1.9544920e-14  2.4457585e-15
398   2.1346208e-14  2.0887096e-15
400   2.8653712e-14  2.0658010e-15
402   3.8058258e-14  2.1188550e-15
404   4.4085210e-14  1.9063705e-15
406   4.4570325e-14  1.8945414e-15
408   4.2023974e-14  1.9774969e-15
410   4.1017262e-14  1.8722914e-15
412   4.4030850e-14  1.8309805e-15
414   4.9521815e-14  1.8977290e-15
416   5.2913880e-14  1.8713430e-15
418   5.0888056e-14  1.8404393e-15
420   4.3945896e-14  1.8621340e-15
422   3.6216860e-14  1.8484815e-15
424   3.2644196e-14  1.8433063e-15
426   3.5719396e-14  1.8671975e-15
428   4.3923154e-14  1.8267703e-15
430   5.3370797e-14  1.7860607e-15
432   6.0204385e-14  1.8342892e-15
434   6.2869190e-14  1.8441240e-15
436   6.2828460e-14  1.7438506e-15
438   6.3053200e-14  1.6996915e-15
440   6.5769670e-14  1.7797568e-15
442   7.1721500e-14  1.7947960e-15
444   7.9763554e-14  1.6696521e-15
446   8.7901264e-14  1.5929660e-15
448   9.4462713e-14  1.6768916e-15
450   9.8902800e-14  1.7330307e-15
452   1.0198734e-13  1.6316169e-15
454   1.0501176e-13  1.5021240e-15
456   1.0887572e-13  1.5278046e-15
458   1.1388881e-13  1.6248921e-15
460   1.1904082e-13  1.6032468e-15
462   1.2317529e-13  1.4640131e-15
464   1.2510126e-13  1.3741049e-15
466   1.2408874e-13  1.4217193e-15
468   1.2090443e-13  1.4862248e-15
470   1.1613989e-13  1.4428840e-15
472   1.1130142e-13  1.3257269e-15
474   1.0751874e-13  1.2585474e-15
476   1.0532469e-13  1.2877598e-15
478   1.0473709e-13  1.3249534e-15
480   1.0553285e-13  1.2928047e-15
482   1.0671820e-13  1.2033298e-15
484   1.0800867e-13  1.1400252e-15
486   1.0859409e-13  1.1440540e-15
488   1.0856917e-13  1.1757691e-15
490   1.0794376e-13  1.1737212e-15
492   1.0686384e-13  1.1273675e-15
494   1.0520747e-13  1.0721338e-15
496   1.0304766e-13  1.0494650e-15
498   1.0051579e-13  1.0604656e-15
500   9.7513604e-14  1.0713555e-15
502   9.3697190e-14  1.0543038e-15
504   8.9699970e-14  1.0197946e-15
506   8.5605830e-14  9.8787110e-16
508   8.2010720e-14  9.7554820e-16
510   7.9521760e-14  9.7840320e-16
512   7.8544780e-14  9.7966230e-16
514   7.9491006e-14  9.7193350e-16
516   8.2464820e-14  9.5970760e-16
518   8.7269590e-14  9.5176520e-16
520   9.3321140e-14  9.4923760e-16
522   1.0034223e-13  9.4932580e-16
524   1.0761976e-13  9.4333370e-16
526   1.1440034e-13  9.2852280e-16
528   1.2036959e-13  9.1298070e-16
530   1.2525351e-13  9.0590350e-16
532   1.2866528e-13  9.0854190e-16
534   1.3096192e-13  9.1710710e-16
536   1.3264080e-13  9.2331810e-16
538   1.3377683e-13  9.1861530e-16
540   1.3462960e-13  9.0325750e-16
542   1.3578450e-13  8.8667255e-16
544   1.3748040e-13  8.7789790e-16
546   1.3932345e-13  8.7780330e-16
548   1.4166871e-13  8.8510370e-16
550   1.4440185e-13  8.9138720e-16
552   1.4742192e-13  8.8966220e-16
554   1.5000407e-13  8.7444780e-16
556   1.5267448e-13  8.5371085e-16
558   1.5499518e-13  8.3345020e-16
560   1.5679851e-13  8.2102417e-16
562   1.5822424e-13  8.2069906e-16
564   1.5939806e-13  8.3004710e-16
566   1.6049274e-13  8.4234410e-16
568   1.6148216e-13  8.4934850e-16
570   1.6287414e-13  8.4852335e-16
572   1.6463862e-13  8.3887920e-16
574   1.6605463e-13  8.2016903e-16
576   1.6736445e-13  7.9972140e-16
578   1.6813981e-13  7.8137064e-16
580   1.6881016e-13  7.7011740e-16
582   1.6897578e-13  7.6314760e-16
584   1.6853386e-13  7.5635140e-16
586   1.6847134e-13  7.5010766e-16
588   1.6840953e-13  7.4010720e-16
590   1.6873646e-13  7.2760437e-16
592   1.6987902e-13  7.1583060e-16
594   1.7060028e-13  7.0220810e-16
596   1.7142802e-13  6.9197806e-16
598   1.7290240e-13  6.8947296e-16
600   1.7450599e-13  6.9325057e-16
602   1.7608090e-13  7.0163334e-16
604   1.7714173e-13  7.1029470e-16
606   1.7791309e-13  7.1722954e-16
608   1.7821286e-13  7.1922160e-16
610   1.7830819e-13  7.1593010e-16
612   1.7833655e-13  7.0777670e-16
614   1.7828200e-13  6.9568320e-16
616   1.7818364e-13  6.8146776e-16
618   1.7838912e-13  6.6820160e-16
620   1.7812630e-13  6.5432930e-16
622   1.7849601e-13  6.4456230e-16
624   1.8010905e-13  6.4090490e-16
626   1.8178517e-13  6.3852705e-16
628   1.8381644e-13  6.3781170e-16
630   1.8609211e-13  6.3787563e-16
632   1.8806079e-13  6.3671594e-16
634   1.9019968e-13  6.3628263e-16
636   1.9048833e-13  5.9938300e-16
638   1.8627977e-13  7.6911296e-16
640   1.8172950e-13  1.0937704e-15
642   1.8177715e-13  1.5570403e-15
644   1.8438766e-13  1.8753856e-15
646   1.8815736e-13  1.8244867e-15
648   1.9239010e-13  1.6972567e-15
650   1.9676251e-13  1.6868857e-15
652   2.0001184e-13  1.7010515e-15
654   2.0174356e-13  1.6049684e-15
656   2.0211678e-13  1.5216012e-15
658   2.0187823e-13  1.5457103e-15
660   2.0170896e-13  1.5197582e-15
662   2.0146334e-13  1.4002035e-15
664   2.0052580e-13  1.3565767e-15
666   1.9829264e-13  1.3903776e-15
668   1.9530197e-13  1.3368690e-15
670   1.9205723e-13  1.2286320e-15
672   1.8866069e-13  1.2240396e-15
674   1.8539319e-13  1.2600306e-15
676   1.8301354e-13  1.2015064e-15
678   1.8068751e-13  1.1175228e-15
680   1.7866562e-13  1.1404121e-15
682   1.7730279e-13  1.1812827e-15
684   1.7675772e-13  1.1282701e-15
686   1.7754944e-13  1.0620589e-15
688   1.7997068e-13  1.0883625e-15
690   1.8357115e-13  1.1241876e-15
692   1.8737828e-13  1.0786838e-15
694   1.9137670e-13  1.0242259e-15
696   1.9416566e-13  1.0459827e-15
698   1.9558358e-13  1.0791534e-15
700   1.9553907e-13  1.0364902e-15
702   1.9510118e-13  9.7232280e-16
704   1.9368886e-13  9.8349220e-16
706   1.9225398e-13  1.0333003e-15
708   1.9126592e-13  1.0182936e-15
710   1.9008429e-13  9.4839790e-16
712   1.8913221e-13  9.3621790e-16
714   1.8866768e-13  9.9011050e-16
716   1.8908723e-13  9.9794560e-16
718   1.9034164e-13  9.2882920e-16
720   1.9199905e-13  8.8809996e-16
722   1.9482450e-13  9.4533420e-16
724   1.9726745e-13  9.8873110e-16
726   1.9945051e-13  9.3826830e-16
728   2.0156771e-13  8.6502770e-16
730   2.0263560e-13  8.8067030e-16
732   2.0270928e-13  9.3903690e-16
734   2.0251900e-13  9.2487580e-16
736   2.0279146e-13  8.4533465e-16
738   2.0309156e-13  8.1439465e-16
740   2.0378385e-13  8.7010450e-16
742   2.0505089e-13  9.0479960e-16
744   2.0619163e-13  8.5486360e-16
746   2.0716674e-13  7.8773874e-16
748   2.0753070e-13  7.9798720e-16
750   2.0786530e-13  8.5262347e-16
752   2.0735520e-13  8.5386474e-16
754   2.0702527e-13  7.9757530e-16
756   2.0615572e-13  7.5559490e-16
758   2.0572793e-13  7.7684483e-16
760   2.0568924e-13  8.1136990e-16
762   2.0535026e-13  8.0596280e-16
764   2.0507928e-13  7.7479740e-16
766   2.0482464e-13  7.5759110e-16
768   2.0427724e-13  7.6152320e-16
770   2.0393785e-13  7.6901790e-16
772   2.0300150e-13  7.7217350e-16
774   2.0204292e-13  7.8180900e-16
776   2.0168718e-13  7.9333580e-16
778   2.0186737e-13  7.8881235e-16
780   2.0254149e-13  7.7082930e-16
782   2.0313418e-13  7.6216270e-16
784   2.0450254e-13  7.7544855e-16
786   2.0543182e-13  7.8308307e-16
788   2.0575557e-13  7.6595093e-16
790   2.0556831e-13  7.4266880e-16
792   2.0475131e-13  7.4664420e-16
794   2.0391296e-13  7.7675653e-16
796   2.0322450e-13  7.9401510e-16
798   2.0255337e-13  7.7604460e-16
800   2.0267100e-13  7.4804465e-16
802   2.0299123e-13  7.4507956e-16
804   2.0343315e-13  7.6567580e-16
806   2.0428630e-13  7.7355734e-16
808   2.0451888e-13  7.4514450e-16
810   2.0411674e-13  7.0622436e-16
812   2.0327182e-13  7.0283787e-16
814   2.0137627e-13  7.3674270e-16
816   2.0041193e-13  7.7068700e-16
818   1.9910771e-13  7.6574664e-16
820   1.9861982e-13  7.3638670e-16
822   1.9819561e-13  7.2048374e-16
824   1.9829783e-13  7.4098066e-16
826   1.9908960e-13  7.7197243e-16
828   1.9966628e-13  7.7381865e-16
830   1.9967856e-13  7.4191740e-16
832   1.9920338e-13  7.1048410e-16
834   1.9767559e-13  7.1405210e-16
836   1.9583846e-13  7.4959500e-16
838   1.9439126e-13  7.8165296e-16
840   1.9232260e-13  7.8149695e-16
842   1.9093189e-13  7.6371520e-16
844   1.8915048e-13  7.5388640e-16
846   1.8941770e-13  7.7730840e-16
848   1.9011233e-13  8.1111910e-16
850   1.9118125e-13  8.2964336e-16
852   1.9158545e-13  8.2239244e-16
854   1.9215934e-13  8.1058790e-16
856   1.9227717e-13  8.1378823e-16
858   1.9224233e-13  8.3635030e-16
860   1.9133587e-13  8.5787365e-16
862   1.9001033e-13  8.6418270e-16
864   1.8910055e-13  8.6075763e-16
866   1.8848363e-13  8.6336310e-16
868   1.8948630e-13  8.9059600e-16
870   1.8887070e-13  9.2084160e-16
872   1.9044037e-13  9.5385100e-16
874   1.9147567e-13  9.6439760e-16
876   1.9304274e-13  9.6136820e-16
878   1.9452101e-13  9.5566430e-16
880   1.9669560e-13  9.6253360e-16
882   1.9712228e-13  9.7039590e-16
884   1.9684441e-13  9.7831900e-16
886   1.9570813e-13  9.8429960e-16
888   1.9445699e-13  9.9958570e-16
890   1.9335840e-13  1.0333634e-15
892   1.9189600e-13  1.0786672e-15
894   1.9051578e-13  1.1206718e-15
896   1.9037693e-13  1.1485080e-15
898   1.8980438e-13  1.1466481e-15
900   1.9007890e-13  1.1339737e-15
902   1.9061216e-13  1.1280724e-15
904   1.9057115e-13  1.1393747e-15
906   1.9031399e-13  1.1670028e-15
908   1.9094183e-13  1.2009920e-15
910   1.9002535e-13  1.2113607e-15
912   1.8913256e-13  1.2070515e-15
914   1.8848614e-13  1.2030908e-15
916   1.8793566e-13  1.2153778e-15
918   1.8607166e-13  1.2393020e-15
920   1.8537751e-13  1.2782222e-15
922   1.8626913e-13  1.3161454e-15
924   1.8562116e-13  1.3200917e-15
926   1.8537328e-13  1.3091501e-15
928   1.8673175e-13  1.3102743e-15
930   1.8690678e-13  1.3217382e-15
932   1.8683097e-13  1.3527247e-15
934   1.8726896e-13  1.3943307e-15
936   1.8734423e-13  1.4212562e-15
938   1.8739775e-13  1.4272018e-15
940   1.8621072e-13  1.4111311e-15
942   1.8486378e-13  1.4022575e-15
944   1.8561896e-13  1.4365968e-15
946   1.8359263e-13  1.4767442e-15
948   1.8238148e-13  1.5300245e-15
950   1.8329015e-13  1.5826488e-15
952   1.8169617e-13  1.5809095e-15
954   1.8128507e-13  1.5630959e-15
956   1.8229360e-13  1.5562030e-15
958   1.8188471e-13  1.5651005e-15
960   1.8186646e-13  1.6172337e-15
962   1.8170162e-13  1.6925926e-15
964   1.8180753e-13  1.7643830e-15
966   1.7975472e-13  1.7834493e-15
968   1.7883947e-13  1.7770817e-15
970   1.7831045e-13  1.7576386e-15
972   1.7507575e-13  1.7307417e-15
974   1.7469109e-13  1.7813090e-15
976   1.7316912e-13  1.8689380e-15
978   1.7018442e-13  1.9541355e-15
980   1.7103574e-13  2.0546850e-15
982   1.6844309e-13  2.0578286e-15
984   1.6847632e-13  2.0388520e-15
986   1.6822584e-13  1.9979885e-15
988   1.6652610e-13  1.9784437e-15
990   1.6846040e-13  2.0860900e-15
992   1.6697738e-13  2.2331462e-15
994   1.6791574e-13  2.4463334e-15
996   1.6837600e-13  2.6280270e-15
998   1.6692058e-13  2.7100457e-15
1000  1.6686396e-13  2.7379656e-15
1002  1.6583027e-13  2.7158405e-15
1004  1.6375349e-13  2.7347151e-15
1006  1.6400148e-13  2.9539624e-15
1008  1.6166143e-13  3.3176570e-15
1010  1.6175556e-13  3.8468903e-15
1012  1.6321924e-13  4.4029630e-15
1014  1.6244284e-13  4.7621264e-15
1016  1.6682968e-13  5.0601003e-15
1018  1.6663239e-13  5.0195236e-15
1020  1.7146882e-13  5.0778320e-15
