# Model SED for star 70 Oph B = GJ 702B = HD 165341 B
# Spectral template: K4V_HD160964_GaiaDR3_spec.dat
# Adjusted Vmag(template)=8.564 to Vmag(target)=6.066
# lam(nm) Flux(W/m2/nm) unc_Flux(W/m2/nm)
  336 0.445291E-13 0.654431E-14
  338 0.467024E-13 0.511098E-14
  340 0.440334E-13 0.412156E-14
  342 0.364043E-13 0.346138E-14
  344 0.313212E-13 0.329997E-14
  346 0.303803E-13 0.313983E-14
  348 0.308817E-13 0.338612E-14
  350 0.326719E-13 0.352461E-14
  352 0.389151E-13 0.381865E-14
  354 0.442432E-13 0.417310E-14
  356 0.375393E-13 0.387281E-14
  358 0.264405E-13 0.365354E-14
  360 0.246787E-13 0.330544E-14
  362 0.309922E-13 0.331097E-14
  364 0.363621E-13 0.341222E-14
  366 0.364300E-13 0.354995E-14
  368 0.354597E-13 0.389132E-14
  370 0.371700E-13 0.421573E-14
  372 0.373864E-13 0.425538E-14
  374 0.311247E-13 0.502375E-14
  376 0.230099E-13 0.480729E-14
  378 0.230545E-13 0.558328E-14
  380 0.302416E-13 0.593658E-14
  382 0.312089E-13 0.531104E-14
  384 0.200440E-13 0.620771E-14
  386 0.827136E-14 0.507916E-14
  388 0.857395E-14 0.476508E-14
  390 0.184956E-13 0.495080E-14
  392 0.269990E-13 0.360776E-14
  394 0.287872E-13 0.379069E-14
  396 0.281775E-13 0.379550E-14
  398 0.321924E-13 0.283874E-14
  400 0.427112E-13 0.321790E-14
  402 0.553169E-13 0.329504E-14
  404 0.633950E-13 0.253750E-14
  406 0.647507E-13 0.288889E-14
  408 0.625959E-13 0.313206E-14
  410 0.620299E-13 0.248946E-14
  412 0.653745E-13 0.261884E-14
  414 0.706203E-13 0.307424E-14
  416 0.728366E-13 0.262984E-14
  418 0.691560E-13 0.237401E-14
  420 0.609795E-13 0.292582E-14
  422 0.531223E-13 0.288464E-14
  424 0.504996E-13 0.234386E-14
  426 0.549335E-13 0.255479E-14
  428 0.640101E-13 0.292997E-14
  430 0.735018E-13 0.262018E-14
  432 0.798108E-13 0.226028E-14
  434 0.820427E-13 0.259130E-14
  436 0.822930E-13 0.279895E-14
  438 0.836862E-13 0.245981E-14
  440 0.879836E-13 0.220206E-14
  442 0.953049E-13 0.248908E-14
  444 0.104011E-12 0.265812E-14
  446 0.112013E-12 0.238665E-14
  448 0.117907E-12 0.212211E-14
  450 0.121557E-12 0.229203E-14
  452 0.124060E-12 0.248850E-14
  454 0.126765E-12 0.234783E-14
  456 0.130359E-12 0.206651E-14
  458 0.134924E-12 0.206395E-14
  460 0.139273E-12 0.225636E-14
  462 0.142390E-12 0.227882E-14
  464 0.143424E-12 0.207529E-14
  466 0.142040E-12 0.189896E-14
  468 0.139384E-12 0.195505E-14
  470 0.136031E-12 0.207253E-14
  472 0.133253E-12 0.204375E-14
  474 0.131681E-12 0.187947E-14
  476 0.131250E-12 0.174909E-14
  478 0.131504E-12 0.175996E-14
  480 0.132050E-12 0.182272E-14
  482 0.131889E-12 0.180622E-14
  484 0.131159E-12 0.170920E-14
  486 0.129453E-12 0.161396E-14
  488 0.127422E-12 0.159612E-14
  490 0.125443E-12 0.162631E-14
  492 0.123830E-12 0.163196E-14
  494 0.122370E-12 0.158302E-14
  496 0.120903E-12 0.151348E-14
  498 0.119248E-12 0.147385E-14
  500 0.116954E-12 0.147388E-14
  502 0.113329E-12 0.147765E-14
  504 0.108952E-12 0.146276E-14
  506 0.103848E-12 0.142471E-14
  508 0.987597E-13 0.138731E-14
  510 0.945096E-13 0.137039E-14
  512 0.917186E-13 0.136979E-14
  514 0.910211E-13 0.136933E-14
  516 0.926688E-13 0.135641E-14
  518 0.965280E-13 0.133282E-14
  520 0.101986E-12 0.130855E-14
  522 0.108719E-12 0.129795E-14
  524 0.115886E-12 0.129835E-14
  526 0.122595E-12 0.129791E-14
  528 0.128425E-12 0.128941E-14
  530 0.133015E-12 0.127140E-14
  532 0.135909E-12 0.124686E-14
  534 0.137474E-12 0.122658E-14
  536 0.138241E-12 0.121696E-14
  538 0.138322E-12 0.121352E-14
  540 0.138035E-12 0.120981E-14
  542 0.138039E-12 0.120359E-14
  544 0.138622E-12 0.119379E-14
  546 0.139429E-12 0.117801E-14
  548 0.140841E-12 0.116226E-14
  550 0.142752E-12 0.114791E-14
  552 0.145054E-12 0.113501E-14
  554 0.147017E-12 0.111819E-14
  556 0.149136E-12 0.110231E-14
  558 0.150961E-12 0.108612E-14
  560 0.152308E-12 0.107132E-14
  562 0.153299E-12 0.106100E-14
  564 0.154046E-12 0.105600E-14
  566 0.154713E-12 0.105487E-14
  568 0.155274E-12 0.105311E-14
  570 0.156219E-12 0.104963E-14
  572 0.157520E-12 0.104127E-14
  574 0.158488E-12 0.102302E-14
  576 0.159358E-12 0.998523E-15
  578 0.159720E-12 0.968933E-15
  580 0.159978E-12 0.940563E-15
  582 0.159746E-12 0.913678E-15
  584 0.158920E-12 0.888543E-15
  586 0.158423E-12 0.869591E-15
  588 0.157886E-12 0.853338E-15
  590 0.157664E-12 0.840514E-15
  592 0.158147E-12 0.832562E-15
  594 0.158174E-12 0.823392E-15
  596 0.158239E-12 0.815987E-15
  598 0.158841E-12 0.813145E-15
  600 0.159504E-12 0.812209E-15
  602 0.160096E-12 0.811728E-15
  604 0.160193E-12 0.808338E-15
  606 0.160024E-12 0.801852E-15
  608 0.159451E-12 0.790535E-15
  610 0.158739E-12 0.775323E-15
  612 0.158030E-12 0.757316E-15
  614 0.157327E-12 0.737605E-15
  616 0.156671E-12 0.717858E-15
  618 0.156370E-12 0.700841E-15
  620 0.155742E-12 0.684399E-15
  622 0.155738E-12 0.672995E-15
  624 0.156875E-12 0.668343E-15
  626 0.158104E-12 0.665144E-15
  628 0.159662E-12 0.663622E-15
  630 0.161434E-12 0.662719E-15
  632 0.162926E-12 0.660225E-15
  634 0.164538E-12 0.658041E-15
  636 0.165862E-12 0.620469E-15
  638 0.163907E-12 0.799523E-15
  640 0.159017E-12 0.118704E-14
  642 0.154962E-12 0.177124E-14
  644 0.152314E-12 0.209785E-14
  646 0.153228E-12 0.202460E-14
  648 0.156347E-12 0.194557E-14
  650 0.159886E-12 0.191021E-14
  652 0.161696E-12 0.184364E-14
  654 0.161395E-12 0.178317E-14
  656 0.159974E-12 0.177135E-14
  658 0.159117E-12 0.171674E-14
  660 0.159905E-12 0.160969E-14
  662 0.161903E-12 0.156920E-14
  664 0.163726E-12 0.156752E-14
  666 0.164015E-12 0.149347E-14
  668 0.162858E-12 0.142398E-14
  670 0.160931E-12 0.144202E-14
  672 0.158908E-12 0.142384E-14
  674 0.157517E-12 0.132515E-14
  676 0.157483E-12 0.130196E-14
  678 0.157710E-12 0.135251E-14
  680 0.157744E-12 0.131328E-14
  682 0.157243E-12 0.121813E-14
  684 0.155960E-12 0.123416E-14
  686 0.154360E-12 0.128848E-14
  688 0.153079E-12 0.123283E-14
  690 0.152343E-12 0.115835E-14
  692 0.151995E-12 0.119392E-14
  694 0.152541E-12 0.122268E-14
  696 0.153145E-12 0.114519E-14
  698 0.153720E-12 0.109424E-14
  700 0.153991E-12 0.114770E-14
  702 0.154425E-12 0.116166E-14
  704 0.154146E-12 0.107930E-14
  706 0.153579E-12 0.104745E-14
  708 0.152951E-12 0.110536E-14
  710 0.151793E-12 0.110647E-14
  712 0.150593E-12 0.103926E-14
  714 0.149700E-12 0.103902E-14
  716 0.149464E-12 0.109862E-14
  718 0.149757E-12 0.107974E-14
  720 0.150091E-12 0.998002E-15
  722 0.150962E-12 0.100895E-14
  724 0.151191E-12 0.108151E-14
  726 0.151049E-12 0.106184E-14
  728 0.150919E-12 0.960393E-15
  730 0.150259E-12 0.938428E-15
  732 0.149193E-12 0.101125E-14
  734 0.148186E-12 0.101812E-14
  736 0.147601E-12 0.931124E-15
  738 0.146969E-12 0.889972E-15
  740 0.146513E-12 0.952428E-15
  742 0.146462E-12 0.979156E-15
  744 0.146501E-12 0.905500E-15
  746 0.146784E-12 0.853492E-15
  748 0.147061E-12 0.920644E-15
  750 0.147645E-12 0.987844E-15
  752 0.147728E-12 0.941319E-15
  754 0.147778E-12 0.856830E-15
  756 0.147112E-12 0.879640E-15
  758 0.146438E-12 0.971076E-15
  760 0.145906E-12 0.981533E-15
  762 0.145313E-12 0.894808E-15
  764 0.145175E-12 0.848974E-15
  766 0.145553E-12 0.922065E-15
  768 0.146113E-12 0.993890E-15
  770 0.146912E-12 0.968328E-15
  772 0.146990E-12 0.891905E-15
  774 0.146440E-12 0.892264E-15
  776 0.145588E-12 0.970418E-15
  778 0.144499E-12 0.100798E-14
  780 0.143459E-12 0.961633E-15
  782 0.142471E-12 0.906201E-15
  784 0.142481E-12 0.934637E-15
  786 0.142797E-12 0.100288E-14
  788 0.143232E-12 0.102051E-14
  790 0.143575E-12 0.978408E-15
  792 0.143374E-12 0.943126E-15
  794 0.142728E-12 0.959766E-15
  796 0.141592E-12 0.983996E-15
  798 0.139927E-12 0.964984E-15
  800 0.138514E-12 0.928305E-15
  802 0.137300E-12 0.932085E-15
  804 0.136565E-12 0.977267E-15
  806 0.136706E-12 0.100125E-14
  808 0.137051E-12 0.963235E-15
  810 0.137425E-12 0.903474E-15
  812 0.137669E-12 0.898198E-15
  814 0.137052E-12 0.950862E-15
  816 0.136669E-12 0.998343E-15
  818 0.135539E-12 0.985110E-15
  820 0.134494E-12 0.940118E-15
  822 0.133209E-12 0.924389E-15
  824 0.132260E-12 0.959557E-15
  826 0.132008E-12 0.993401E-15
  828 0.132023E-12 0.974341E-15
  830 0.132123E-12 0.919271E-15
  832 0.132278E-12 0.899431E-15
  834 0.131931E-12 0.948132E-15
  836 0.131355E-12 0.101407E-14
  838 0.130815E-12 0.102938E-14
  840 0.129499E-12 0.975470E-15
  842 0.128244E-12 0.917359E-15
  844 0.126401E-12 0.926697E-15
  846 0.125743E-12 0.101000E-14
  848 0.125360E-12 0.107929E-14
  850 0.125375E-12 0.107735E-14
  852 0.125218E-12 0.101088E-14
  854 0.125467E-12 0.956447E-15
  856 0.125673E-12 0.976958E-15
  858 0.125938E-12 0.105445E-14
  860 0.125669E-12 0.111125E-14
  862 0.125042E-12 0.110663E-14
  864 0.124515E-12 0.106309E-14
  866 0.123963E-12 0.103775E-14
  868 0.124263E-12 0.107540E-14
  870 0.123338E-12 0.112802E-14
  872 0.123755E-12 0.115959E-14
  874 0.123823E-12 0.112943E-14
  876 0.124305E-12 0.107399E-14
  878 0.124848E-12 0.105248E-14
  880 0.125976E-12 0.110315E-14
  882 0.126118E-12 0.117729E-14
  884 0.125921E-12 0.121967E-14
  886 0.125252E-12 0.120090E-14
  888 0.124549E-12 0.114760E-14
  890 0.123947E-12 0.111741E-14
  892 0.123086E-12 0.114657E-14
  894 0.122227E-12 0.121460E-14
  896 0.122094E-12 0.127082E-14
  898 0.121603E-12 0.126704E-14
  900 0.121567E-12 0.122095E-14
  902 0.121609E-12 0.117865E-14
  904 0.121205E-12 0.118798E-14
  906 0.120602E-12 0.125325E-14
  908 0.120519E-12 0.133241E-14
  910 0.119451E-12 0.135862E-14
  912 0.118427E-12 0.132895E-14
  914 0.117617E-12 0.127541E-14
  916 0.116954E-12 0.125304E-14
  918 0.115579E-12 0.128692E-14
  920 0.115035E-12 0.136907E-14
  922 0.115560E-12 0.144620E-14
  924 0.115181E-12 0.145324E-14
  926 0.115055E-12 0.140590E-14
  928 0.115886E-12 0.135604E-14
  930 0.115900E-12 0.134296E-14
  932 0.115654E-12 0.139996E-14
  934 0.115615E-12 0.149871E-14
  936 0.115261E-12 0.157366E-14
  938 0.114841E-12 0.158930E-14
  940 0.113666E-12 0.153847E-14
  942 0.112463E-12 0.147464E-14
  944 0.112665E-12 0.147647E-14
  946 0.111348E-12 0.153280E-14
  948 0.110718E-12 0.163733E-14
  950 0.111560E-12 0.173973E-14
  952 0.111024E-12 0.175175E-14
  954 0.111288E-12 0.170561E-14
  956 0.112430E-12 0.164617E-14
  958 0.112621E-12 0.161756E-14
  960 0.112904E-12 0.168315E-14
  962 0.112896E-12 0.181611E-14
  964 0.112837E-12 0.195163E-14
  966 0.111234E-12 0.200080E-14
  968 0.110178E-12 0.197687E-14
  970 0.109273E-12 0.190004E-14
  972 0.106722E-12 0.181301E-14
  974 0.106017E-12 0.185672E-14
  976 0.104814E-12 0.200608E-14
  978 0.102984E-12 0.218348E-14
  980 0.103765E-12 0.236178E-14
  982 0.102729E-12 0.238095E-14
  984 0.103513E-12 0.231650E-14
  986 0.104260E-12 0.218552E-14
  988 0.104128E-12 0.209324E-14
  990 0.106183E-12 0.222218E-14
  992 0.105888E-12 0.248745E-14
  994 0.106840E-12 0.286035E-14
  996 0.107139E-12 0.317039E-14
  998 0.105844E-12 0.329504E-14
 1000 0.105076E-12 0.326926E-14
 1002 0.103394E-12 0.310621E-14
 1004 0.100880E-12 0.298465E-14
 1006 0.997577E-13 0.321685E-14
 1008 0.972050E-13 0.380200E-14
 1010 0.964627E-13 0.467752E-14
 1012 0.970622E-13 0.557585E-14
 1014 0.970130E-13 0.613946E-14
 1016 0.100834E-12 0.648753E-14
 1018 0.102656E-12 0.623027E-14
 1020 0.108240E-12 0.595003E-14
