# Model SED for star alfCenA                         
# Spectral template: G2V_18Sco_GaiaDR3_spec.dat      
# Adjusted Vmag(template)= 5.500 to Vmag(target)= 0.010
 # lam(nm) Flux(W/m2/nm) unc_Flux(W/m2/nm)
  336 0.257047E-10 0.337467E-11
  338 0.251837E-10 0.275438E-11
  340 0.225077E-10 0.236375E-11
  342 0.201023E-10 0.221769E-11
  344 0.198461E-10 0.218224E-11
  346 0.201892E-10 0.226969E-11
  348 0.196385E-10 0.248520E-11
  350 0.193207E-10 0.269934E-11
  352 0.219794E-10 0.307805E-11
  354 0.258508E-10 0.332409E-11
  356 0.252267E-10 0.328840E-11
  358 0.215968E-10 0.293863E-11
  360 0.204619E-10 0.280742E-11
  362 0.217267E-10 0.275177E-11
  364 0.230934E-10 0.283141E-11
  366 0.236374E-10 0.299241E-11
  368 0.244298E-10 0.320414E-11
  370 0.259755E-10 0.346846E-11
  372 0.268373E-10 0.360101E-11
  374 0.255087E-10 0.404371E-11
  376 0.229199E-10 0.410659E-11
  378 0.220734E-10 0.464688E-11
  380 0.234742E-10 0.487659E-11
  382 0.243554E-10 0.474902E-11
  384 0.228361E-10 0.514996E-11
  386 0.204244E-10 0.448443E-11
  388 0.195714E-10 0.424095E-11
  390 0.204128E-10 0.415943E-11
  392 0.215804E-10 0.334464E-11
  394 0.223436E-10 0.330178E-11
  396 0.235011E-10 0.326111E-11
  398 0.261045E-10 0.269523E-11
  400 0.300498E-10 0.277487E-11
  402 0.341746E-10 0.288677E-11
  404 0.368033E-10 0.245783E-11
  406 0.374842E-10 0.245863E-11
  408 0.369516E-10 0.270625E-11
  410 0.364175E-10 0.243576E-11
  412 0.366510E-10 0.222275E-11
  414 0.376682E-10 0.250471E-11
  416 0.385250E-10 0.251628E-11
  418 0.385018E-10 0.218741E-11
  420 0.374569E-10 0.220160E-11
  422 0.358630E-10 0.244964E-11
  424 0.344395E-10 0.235600E-11
  426 0.337086E-10 0.207484E-11
  428 0.335653E-10 0.211342E-11
  430 0.337856E-10 0.230918E-11
  432 0.340679E-10 0.222775E-11
  434 0.343522E-10 0.195945E-11
  436 0.349258E-10 0.193716E-11
  438 0.360881E-10 0.213470E-11
  440 0.377422E-10 0.213636E-11
  442 0.396488E-10 0.187767E-11
  444 0.413681E-10 0.171875E-11
  446 0.425202E-10 0.188745E-11
  448 0.429221E-10 0.203717E-11
  450 0.426512E-10 0.189663E-11
  452 0.420436E-10 0.161447E-11
  454 0.414742E-10 0.158291E-11
  456 0.411818E-10 0.179069E-11
  458 0.413360E-10 0.185993E-11
  460 0.417864E-10 0.165499E-11
  462 0.424119E-10 0.139169E-11
  464 0.430157E-10 0.139652E-11
  466 0.433859E-10 0.157159E-11
  468 0.436092E-10 0.160538E-11
  470 0.435317E-10 0.141873E-11
  472 0.432565E-10 0.120891E-11
  474 0.428242E-10 0.123644E-11
  476 0.422309E-10 0.141078E-11
  478 0.415047E-10 0.147190E-11
  480 0.407796E-10 0.134056E-11
  482 0.400007E-10 0.112592E-11
  484 0.393957E-10 0.105444E-11
  486 0.389218E-10 0.117215E-11
  488 0.387488E-10 0.128610E-11
  490 0.388886E-10 0.125978E-11
  492 0.393059E-10 0.110420E-11
  494 0.398140E-10 0.943808E-12
  496 0.402861E-10 0.926524E-12
  498 0.406470E-10 0.102783E-11
  500 0.407719E-10 0.110120E-11
  502 0.404540E-10 0.106259E-11
  504 0.399070E-10 0.933203E-12
  506 0.391034E-10 0.799872E-12
  508 0.382207E-10 0.769066E-12
  510 0.374316E-10 0.838125E-12
  512 0.368200E-10 0.905584E-12
  514 0.365031E-10 0.902094E-12
  516 0.365057E-10 0.821077E-12
  518 0.367766E-10 0.707172E-12
  520 0.371609E-10 0.634931E-12
  522 0.376718E-10 0.651614E-12
  524 0.381626E-10 0.715240E-12
  526 0.384862E-10 0.757128E-12
  528 0.386402E-10 0.744242E-12
  530 0.386087E-10 0.680009E-12
  532 0.383203E-10 0.595310E-12
  534 0.379052E-10 0.539987E-12
  536 0.375006E-10 0.544918E-12
  538 0.371011E-10 0.588472E-12
  540 0.367436E-10 0.626867E-12
  542 0.365459E-10 0.633454E-12
  544 0.365287E-10 0.602953E-12
  546 0.365508E-10 0.545920E-12
  548 0.366803E-10 0.489109E-12
  550 0.368709E-10 0.459105E-12
  552 0.370905E-10 0.465735E-12
  554 0.371607E-10 0.492043E-12
  556 0.372243E-10 0.516953E-12
  558 0.371865E-10 0.524314E-12
  560 0.370236E-10 0.510042E-12
  562 0.367850E-10 0.480258E-12
  564 0.365132E-10 0.447004E-12
  566 0.362574E-10 0.423880E-12
  568 0.360178E-10 0.418662E-12
  570 0.359102E-10 0.430204E-12
  572 0.359254E-10 0.448338E-12
  574 0.359031E-10 0.460504E-12
  576 0.358926E-10 0.461016E-12
  578 0.357966E-10 0.447822E-12
  580 0.357007E-10 0.425743E-12
  582 0.355134E-10 0.400008E-12
  584 0.352082E-10 0.376882E-12
  586 0.349866E-10 0.362624E-12
  588 0.347646E-10 0.356604E-12
  590 0.346190E-10 0.356844E-12
  592 0.346338E-10 0.360387E-12
  594 0.345544E-10 0.361459E-12
  596 0.344884E-10 0.359534E-12
  598 0.345435E-10 0.355630E-12
  600 0.346149E-10 0.349719E-12
  602 0.346716E-10 0.343227E-12
  604 0.346196E-10 0.337020E-12
  606 0.345058E-10 0.332738E-12
  608 0.342976E-10 0.330182E-12
  610 0.340490E-10 0.328970E-12
  612 0.337883E-10 0.327917E-12
  614 0.335138E-10 0.325595E-12
  616 0.332340E-10 0.321162E-12
  618 0.330141E-10 0.314986E-12
  620 0.327115E-10 0.306056E-12
  622 0.325290E-10 0.297030E-12
  624 0.325743E-10 0.289691E-12
  626 0.326303E-10 0.282822E-12
  628 0.327484E-10 0.277464E-12
  630 0.329072E-10 0.273744E-12
  632 0.330083E-10 0.270941E-12
  634 0.331356E-10 0.269702E-12
  636 0.329850E-10 0.252293E-12
  638 0.321338E-10 0.311841E-12
  640 0.313428E-10 0.440120E-12
  642 0.314250E-10 0.615229E-12
  644 0.316842E-10 0.708587E-12
  646 0.317086E-10 0.681683E-12
  648 0.315331E-10 0.649091E-12
  650 0.312601E-10 0.634520E-12
  652 0.308778E-10 0.613168E-12
  654 0.304936E-10 0.580113E-12
  656 0.302305E-10 0.563017E-12
  658 0.302038E-10 0.553043E-12
  660 0.304363E-10 0.522235E-12
  662 0.307922E-10 0.489436E-12
  664 0.310778E-10 0.478488E-12
  666 0.311385E-10 0.462548E-12
  668 0.310373E-10 0.431206E-12
  670 0.308598E-10 0.418121E-12
  672 0.306386E-10 0.421467E-12
  674 0.304347E-10 0.402454E-12
  676 0.303805E-10 0.371298E-12
  678 0.303269E-10 0.365818E-12
  680 0.302739E-10 0.369700E-12
  682 0.302119E-10 0.348825E-12
  684 0.300863E-10 0.325224E-12
  686 0.299247E-10 0.329607E-12
  688 0.297691E-10 0.331735E-12
  690 0.296033E-10 0.307396E-12
  692 0.293805E-10 0.287869E-12
  694 0.292222E-10 0.295642E-12
  696 0.290123E-10 0.295158E-12
  698 0.287848E-10 0.271672E-12
  700 0.285330E-10 0.257434E-12
  702 0.283802E-10 0.266618E-12
  704 0.281895E-10 0.265355E-12
  706 0.280471E-10 0.245016E-12
  708 0.279794E-10 0.234699E-12
  710 0.278612E-10 0.242863E-12
  712 0.277270E-10 0.242724E-12
  714 0.275878E-10 0.226149E-12
  716 0.274763E-10 0.215423E-12
  718 0.273693E-10 0.220200E-12
  720 0.272093E-10 0.221396E-12
  722 0.271327E-10 0.211486E-12
  724 0.269688E-10 0.202118E-12
  726 0.267902E-10 0.202603E-12
  728 0.266652E-10 0.204342E-12
  730 0.264841E-10 0.198886E-12
  732 0.262505E-10 0.190075E-12
  734 0.260334E-10 0.184312E-12
  736 0.258896E-10 0.182910E-12
  738 0.257333E-10 0.183203E-12
  740 0.255984E-10 0.181928E-12
  742 0.255167E-10 0.176687E-12
  744 0.254271E-10 0.170943E-12
  746 0.253590E-10 0.172311E-12
  748 0.252854E-10 0.177686E-12
  750 0.252877E-10 0.176297E-12
  752 0.252556E-10 0.166517E-12
  754 0.252845E-10 0.163934E-12
  756 0.252481E-10 0.174700E-12
  758 0.252311E-10 0.182461E-12
  760 0.252062E-10 0.172632E-12
  762 0.250867E-10 0.154923E-12
  764 0.249333E-10 0.156364E-12
  766 0.247646E-10 0.175764E-12
  768 0.245681E-10 0.184044E-12
  770 0.244199E-10 0.169463E-12
  772 0.242252E-10 0.149975E-12
  774 0.240420E-10 0.156350E-12
  776 0.239260E-10 0.179403E-12
  778 0.238511E-10 0.187040E-12
  780 0.238027E-10 0.170332E-12
  782 0.237164E-10 0.149690E-12
  784 0.237067E-10 0.154808E-12
  786 0.236527E-10 0.175417E-12
  788 0.235550E-10 0.182427E-12
  790 0.234356E-10 0.168512E-12
  792 0.232796E-10 0.150916E-12
  794 0.231434E-10 0.152072E-12
  796 0.230266E-10 0.165436E-12
  798 0.228949E-10 0.169086E-12
  800 0.228236E-10 0.158187E-12
  802 0.227459E-10 0.146377E-12
  804 0.226635E-10 0.149556E-12
  806 0.226264E-10 0.162258E-12
  808 0.225383E-10 0.167713E-12
  810 0.224111E-10 0.161357E-12
  812 0.222689E-10 0.152168E-12
  814 0.220376E-10 0.150187E-12
  816 0.219180E-10 0.155251E-12
  818 0.217521E-10 0.157157E-12
  820 0.216508E-10 0.154040E-12
  822 0.215249E-10 0.151663E-12
  824 0.214290E-10 0.156094E-12
  826 0.213940E-10 0.163596E-12
  828 0.213414E-10 0.165902E-12
  830 0.212521E-10 0.161816E-12
  832 0.211464E-10 0.158750E-12
  834 0.209653E-10 0.163195E-12
  836 0.207776E-10 0.172533E-12
  838 0.206387E-10 0.178281E-12
  840 0.204186E-10 0.175360E-12
  842 0.202349E-10 0.169928E-12
  844 0.199629E-10 0.170093E-12
  846 0.198603E-10 0.179985E-12
  848 0.197678E-10 0.190372E-12
  850 0.197016E-10 0.193625E-12
  852 0.195810E-10 0.189182E-12
  854 0.195150E-10 0.185950E-12
  856 0.194546E-10 0.190828E-12
  858 0.194341E-10 0.202289E-12
  860 0.193724E-10 0.211064E-12
  862 0.192965E-10 0.211995E-12
  864 0.192664E-10 0.208185E-12
  866 0.192451E-10 0.207160E-12
  868 0.193487E-10 0.215523E-12
  870 0.192368E-10 0.226038E-12
  872 0.192994E-10 0.235215E-12
  874 0.192729E-10 0.235824E-12
  876 0.192858E-10 0.232418E-12
  878 0.192979E-10 0.231888E-12
  880 0.194066E-10 0.240021E-12
  882 0.193834E-10 0.250990E-12
  884 0.193357E-10 0.259010E-12
  886 0.192423E-10 0.259740E-12
  888 0.191620E-10 0.256168E-12
  890 0.191022E-10 0.254875E-12
  892 0.189920E-10 0.259766E-12
  894 0.188587E-10 0.269479E-12
  896 0.188070E-10 0.279262E-12
  898 0.186698E-10 0.281919E-12
  900 0.185798E-10 0.279994E-12
  902 0.184919E-10 0.278151E-12
  904 0.183423E-10 0.281014E-12
  906 0.181830E-10 0.289846E-12
  908 0.181326E-10 0.301557E-12
  910 0.179681E-10 0.306725E-12
  912 0.178409E-10 0.306011E-12
  914 0.177669E-10 0.303147E-12
  916 0.177224E-10 0.303836E-12
  918 0.175614E-10 0.309153E-12
  920 0.175047E-10 0.320575E-12
  922 0.175803E-10 0.332801E-12
  924 0.174858E-10 0.335591E-12
  926 0.174021E-10 0.332620E-12
  928 0.174452E-10 0.331170E-12
  930 0.173611E-10 0.332693E-12
  932 0.172481E-10 0.341348E-12
  934 0.171876E-10 0.354970E-12
  936 0.171087E-10 0.365588E-12
  938 0.170498E-10 0.369638E-12
  940 0.169039E-10 0.365569E-12
  942 0.167688E-10 0.361114E-12
  944 0.168456E-10 0.367300E-12
  946 0.166839E-10 0.376688E-12
  948 0.166017E-10 0.391874E-12
  950 0.167094E-10 0.408352E-12
  952 0.165789E-10 0.410626E-12
  954 0.165414E-10 0.407229E-12
  956 0.166172E-10 0.404850E-12
  958 0.165492E-10 0.405715E-12
  960 0.165064E-10 0.418645E-12
  962 0.164455E-10 0.439391E-12
  964 0.164104E-10 0.460539E-12
  966 0.161876E-10 0.468036E-12
  968 0.160781E-10 0.467884E-12
  970 0.160155E-10 0.462902E-12
  972 0.157211E-10 0.455200E-12
  974 0.156903E-10 0.468654E-12
  976 0.155598E-10 0.493815E-12
  978 0.152941E-10 0.519995E-12
  980 0.153632E-10 0.550748E-12
  982 0.151085E-10 0.554602E-12
  984 0.150719E-10 0.550774E-12
  986 0.149918E-10 0.539156E-12
  988 0.147674E-10 0.532500E-12
  990 0.148533E-10 0.561466E-12
  992 0.146317E-10 0.603917E-12
  994 0.146233E-10 0.666729E-12
  996 0.145798E-10 0.722075E-12
  998 0.143844E-10 0.749645E-12
 1000 0.143286E-10 0.760582E-12
 1002 0.142113E-10 0.754964E-12
 1004 0.140287E-10 0.758141E-12
 1006 0.140682E-10 0.816603E-12
 1008 0.139047E-10 0.918171E-12
 1010 0.139632E-10 0.106993E-11
 1012 0.141452E-10 0.123246E-11
 1014 0.141282E-10 0.134119E-11
 1016 0.145461E-10 0.143193E-11
 1018 0.145423E-10 0.142348E-11
 1020 0.149505E-10 0.143687E-11
