# G1.5V HR 2667 = HD 53705 = GJ 264.1A = GJ 9223A = HIP 34065 = Gaia DR3 5559265690666326016 (V=5.534;ASCC-2.5)
# negligibly reddened (d=17pc), uncorrected for reddening
#lam(nm) Flux(W/m2/nm) unc_Flux(W/m2/nm)
336   1.5035282e-13  1.7678753e-14
338   1.4993666e-13  1.5053185e-14
340   1.3468430e-13  1.3525526e-14
342   1.1839119e-13  1.3122773e-14
344   1.2043080e-13  1.3410454e-14
346   1.3200716e-13  1.4339744e-14
348   1.3163937e-13  1.5822767e-14
350   1.1708993e-13  1.7742601e-14
352   1.1664542e-13  2.0183064e-14
354   1.3908251e-13  2.2124202e-14
356   1.4690156e-13  2.1789482e-14
358   1.2896730e-13  1.9771543e-14
360   1.1903411e-13  1.8763710e-14
362   1.2707366e-13  1.8362441e-14
364   1.3916109e-13  1.8899709e-14
366   1.4094589e-13  1.9590834e-14
368   1.3764426e-13  2.1129123e-14
370   1.4334820e-13  2.2249100e-14
372   1.5603952e-13  2.3237717e-14
374   1.5745697e-13  2.5420397e-14
376   1.4184819e-13  2.5674795e-14
378   1.3113631e-13  2.8586820e-14
380   1.4196068e-13  2.9642646e-14
382   1.5964942e-13  2.8588740e-14
384   1.5920064e-13  3.0079450e-14
386   1.4149714e-13  2.6555806e-14
388   1.2927440e-13  2.4278060e-14
390   1.3305683e-13  2.3442225e-14
392   1.4315978e-13  1.9305516e-14
394   1.4759174e-13  1.8151125e-14
396   1.4830265e-13  1.7818815e-14
398   1.5631883e-13  1.5188410e-14
400   1.7759316e-13  1.4928668e-14
402   2.0672593e-13  1.5313080e-14
404   2.2889178e-13  1.3473797e-14
406   2.3493585e-13  1.3137683e-14
408   2.2701188e-13  1.3976368e-14
410   2.1603421e-13  1.2775695e-14
412   2.1278540e-13  1.1813870e-14
414   2.2076344e-13  1.2807590e-14
416   2.3247783e-13  1.2574414e-14
418   2.3829907e-13  1.1107915e-14
420   2.3289354e-13  1.1307227e-14
422   2.1866208e-13  1.2062706e-14
424   2.0348508e-13  1.1140287e-14
426   1.9507260e-13  9.9794660e-15
428   1.9508475e-13  1.0437685e-14
430   2.0083157e-13  1.0843675e-14
432   2.0688868e-13  9.8807105e-15
434   2.0962192e-13  8.8679910e-15
436   2.0991776e-13  9.1334555e-15
438   2.1139606e-13  9.4964650e-15
440   2.1658286e-13  8.8664885e-15
442   2.2649032e-13  7.9179790e-15
444   2.3898087e-13  7.7559680e-15
446   2.5033345e-13  8.0683785e-15
448   2.5714245e-13  7.9158410e-15
450   2.5802703e-13  7.2153990e-15
452   2.5448182e-13  6.6339747e-15
454   2.4956820e-13  6.6093032e-15
456   2.4616878e-13  6.7514640e-15
458   2.4647653e-13  6.5588500e-15
460   2.4987434e-13  5.9993920e-15
462   2.5497700e-13  5.4859656e-15
464   2.5948425e-13  5.3678176e-15
466   2.6121387e-13  5.4737800e-15
468   2.6051833e-13  5.4118910e-15
470   2.5716820e-13  5.0078240e-15
472   2.5304688e-13  4.4887280e-15
474   2.4967398e-13  4.2260890e-15
476   2.4777535e-13  4.2910020e-15
478   2.4740206e-13  4.3680977e-15
480   2.4840316e-13  4.1946664e-15
482   2.4897320e-13  3.7796700e-15
484   2.4900210e-13  3.4042356e-15
486   2.4714817e-13  3.3069110e-15
488   2.4417770e-13  3.4173212e-15
490   2.4069676e-13  3.4557549e-15
492   2.3765183e-13  3.2741065e-15
494   2.3534670e-13  2.9365167e-15
496   2.3433287e-13  2.6610620e-15
498   2.3498330e-13  2.6158220e-15
500   2.3675210e-13  2.7230144e-15
502   2.3800197e-13  2.7744304e-15
504   2.3908670e-13  2.6756120e-15
506   2.3874408e-13  2.4510002e-15
508   2.3699210e-13  2.2301539e-15
510   2.3413280e-13  2.1355727e-15
512   2.3035607e-13  2.1658550e-15
514   2.2652517e-13  2.2179158e-15
516   2.2331408e-13  2.1994835e-15
518   2.2116326e-13  2.0914986e-15
520   2.1994486e-13  1.9391394e-15
522   2.2040928e-13  1.8264377e-15
524   2.2210532e-13  1.7988553e-15
526   2.2429518e-13  1.8341986e-15
528   2.2679863e-13  1.8758332e-15
530   2.2913588e-13  1.8770894e-15
532   2.3035865e-13  1.8219846e-15
534   2.3068464e-13  1.7342829e-15
536   2.3046205e-13  1.6524592e-15
538   2.2931348e-13  1.6033531e-15
540   2.2729680e-13  1.5941756e-15
542   2.2516823e-13  1.6130434e-15
544   2.2324663e-13  1.6360906e-15
546   2.2098308e-13  1.6390920e-15
548   2.1916610e-13  1.6197813e-15
550   2.1787273e-13  1.5818295e-15
552   2.1720509e-13  1.5360359e-15
554   2.1632292e-13  1.4889024e-15
556   2.1615540e-13  1.4572886e-15
558   2.1614072e-13  1.4423668e-15
560   2.1604334e-13  1.4414265e-15
562   2.1598606e-13  1.4492884e-15
564   2.1601481e-13  1.4583251e-15
566   2.1620718e-13  1.4621239e-15
568   2.1636372e-13  1.4553972e-15
570   2.1701137e-13  1.4415684e-15
572   2.1797886e-13  1.4228171e-15
574   2.1822819e-13  1.3979583e-15
576   2.1805478e-13  1.3746145e-15
578   2.1692769e-13  1.3527136e-15
580   2.1547404e-13  1.3358136e-15
582   2.1327621e-13  1.3179065e-15
584   2.1031747e-13  1.2944943e-15
586   2.0792413e-13  1.2704339e-15
588   2.0568456e-13  1.2421496e-15
590   2.0411372e-13  1.2141255e-15
592   2.0373572e-13  1.1924731e-15
594   2.0306240e-13  1.1721489e-15
596   2.0271990e-13  1.1599935e-15
598   2.0331774e-13  1.1608809e-15
600   2.0420459e-13  1.1703437e-15
602   2.0515248e-13  1.1844928e-15
604   2.0555040e-13  1.1962140e-15
606   2.0561402e-13  1.2033164e-15
608   2.0508840e-13  1.2020402e-15
610   2.0424359e-13  1.1933668e-15
612   2.0320719e-13  1.1790378e-15
614   2.0194310e-13  1.1608833e-15
616   2.0049195e-13  1.1414310e-15
618   1.9925130e-13  1.1246900e-15
620   1.9737631e-13  1.1066370e-15
622   1.9611508e-13  1.0940062e-15
624   1.9614370e-13  1.0895485e-15
626   1.9618016e-13  1.0850020e-15
628   1.9656046e-13  1.0814792e-15
630   1.9717843e-13  1.0782825e-15
632   1.9746494e-13  1.0729626e-15
634   1.9793721e-13  1.0696896e-15
636   1.9711067e-13  1.0282046e-15
638   1.9174336e-13  1.4279899e-15
640   1.8600464e-13  2.1014972e-15
642   1.8541042e-13  2.9899818e-15
644   1.8685131e-13  3.5157058e-15
646   1.8776517e-13  3.3792068e-15
648   1.8757520e-13  3.1610363e-15
650   1.8670242e-13  3.1196874e-15
652   1.8523044e-13  3.0782156e-15
654   1.8399116e-13  2.8702820e-15
656   1.8364275e-13  2.7107500e-15
658   1.8448265e-13  2.7093225e-15
660   1.8619070e-13  2.6271699e-15
662   1.8777130e-13  2.4351973e-15
664   1.8833211e-13  2.3486910e-15
666   1.8754284e-13  2.3125134e-15
668   1.8635276e-13  2.1591103e-15
670   1.8547588e-13  2.0271372e-15
672   1.8483595e-13  2.0534724e-15
674   1.8423703e-13  2.0259368e-15
676   1.8398577e-13  1.8421790e-15
678   1.8304688e-13  1.7181857e-15
680   1.8170517e-13  1.7513877e-15
682   1.8040715e-13  1.7129799e-15
684   1.7924865e-13  1.5551610e-15
686   1.7850400e-13  1.4915636e-15
688   1.7819494e-13  1.5319625e-15
690   1.7783697e-13  1.4754657e-15
692   1.7685560e-13  1.3392133e-15
694   1.7593949e-13  1.3063070e-15
696   1.7458092e-13  1.3349850e-15
698   1.7323877e-13  1.2783718e-15
700   1.7200171e-13  1.1781309e-15
702   1.7152051e-13  1.1618706e-15
704   1.7071100e-13  1.1762055e-15
706   1.6983207e-13  1.1285161e-15
708   1.6894479e-13  1.0580386e-15
710   1.6742311e-13  1.0337894e-15
712   1.6577848e-13  1.0318810e-15
714   1.6439172e-13  1.0114054e-15
716   1.6363184e-13  9.9042250e-16
718   1.6332085e-13  9.7481110e-16
720   1.6289658e-13  9.4450480e-16
722   1.6290551e-13  9.2632260e-16
724   1.6214164e-13  9.4198240e-16
726   1.6102344e-13  9.5146800e-16
728   1.6009534e-13  9.1675800e-16
730   1.5888983e-13  8.8073100e-16
732   1.5757403e-13  8.9789590e-16
734   1.5658158e-13  9.1536870e-16
736   1.5615603e-13  8.6817277e-16
738   1.5561631e-13  8.0285483e-16
740   1.5502318e-13  8.2370746e-16
742   1.5450434e-13  8.9330340e-16
744   1.5371944e-13  8.9263680e-16
746   1.5293542e-13  8.1564030e-16
748   1.5208517e-13  7.7861407e-16
750   1.5171194e-13  8.4442720e-16
752   1.5115029e-13  9.0186630e-16
754   1.5093627e-13  8.7006840e-16
756   1.5029120e-13  7.9254353e-16
758   1.4974630e-13  7.8642320e-16
760   1.4921907e-13  8.5503963e-16
762   1.4831059e-13  8.9246080e-16
764   1.4747390e-13  8.5542900e-16
766   1.4684406e-13  7.9801933e-16
768   1.4627447e-13  8.0017366e-16
770   1.4606019e-13  8.5870430e-16
772   1.4543974e-13  8.9769090e-16
774   1.4458798e-13  8.8170105e-16
776   1.4375828e-13  8.3880860e-16
778   1.4282990e-13  8.2484300e-16
780   1.4185837e-13  8.6310264e-16
782   1.4066454e-13  9.1384480e-16
784   1.4012574e-13  9.3156720e-16
786   1.3965156e-13  8.9966110e-16
788   1.3926850e-13  8.5815590e-16
790   1.3902018e-13  8.6650090e-16
792   1.3865734e-13  9.2487540e-16
794   1.3833327e-13  9.7086240e-16
796   1.3790066e-13  9.5438180e-16
798   1.3708332e-13  8.9154550e-16
800   1.3634925e-13  8.6167566e-16
802   1.3538912e-13  9.0853180e-16
804   1.3434374e-13  9.7683340e-16
806   1.3363425e-13  9.9067690e-16
808   1.3278262e-13  9.3263400e-16
810   1.3189890e-13  8.6871970e-16
812   1.3111341e-13  8.8181175e-16
814   1.2993892e-13  9.5473770e-16
816   1.2949550e-13  1.0075921e-15
818   1.2879276e-13  9.8299160e-16
820   1.2844668e-13  9.1482870e-16
822   1.2791424e-13  8.8192806e-16
824   1.2752401e-13  9.2855920e-16
826   1.2747640e-13  9.9945470e-16
828   1.2731756e-13  1.0192424e-15
830   1.2694013e-13  9.7556180e-16
832   1.2645644e-13  9.2261470e-16
834   1.2549896e-13  9.2334600e-16
836   1.2446091e-13  9.7880840e-16
838   1.2366128e-13  1.0298591e-15
840   1.2231928e-13  1.0264266e-15
842   1.2115124e-13  9.8561970e-16
844   1.1943180e-13  9.5201750e-16
846   1.1873044e-13  9.7356570e-16
848   1.1811706e-13  1.0216034e-15
850   1.1770351e-13  1.0507527e-15
852   1.1700783e-13  1.0377197e-15
854   1.1667116e-13  1.0101374e-15
856   1.1638016e-13  1.0030728e-15
858   1.1631725e-13  1.0304600e-15
860   1.1597739e-13  1.0631747e-15
862   1.1551143e-13  1.0732354e-15
864   1.1528047e-13  1.0606831e-15
866   1.1507359e-13  1.0464138e-15
868   1.1560215e-13  1.0605947e-15
870   1.1485240e-13  1.0822921e-15
872   1.1516940e-13  1.1089001e-15
874   1.1498503e-13  1.1078309e-15
876   1.1506215e-13  1.0929736e-15
878   1.1514905e-13  1.0859031e-15
880   1.1580706e-13  1.1082249e-15
882   1.1565449e-13  1.1371605e-15
884   1.1531837e-13  1.1541212e-15
886   1.1466823e-13  1.1444945e-15
888   1.1406205e-13  1.1230390e-15
890   1.1356161e-13  1.1169639e-15
892   1.1277151e-13  1.1382613e-15
894   1.1188417e-13  1.1753249e-15
896   1.1154647e-13  1.2051501e-15
898   1.1078289e-13  1.1985545e-15
900   1.1038628e-13  1.1721372e-15
902   1.1007893e-13  1.1533530e-15
904   1.0945641e-13  1.1659104e-15
906   1.0879476e-13  1.2098210e-15
908   1.0876519e-13  1.2614522e-15
910   1.0799562e-13  1.2742870e-15
912   1.0736214e-13  1.2517330e-15
914   1.0694541e-13  1.2177403e-15
916   1.0659861e-13  1.2085918e-15
918   1.0545817e-13  1.2354111e-15
920   1.0487879e-13  1.2959364e-15
922   1.0505991e-13  1.3542236e-15
924   1.0423261e-13  1.3589355e-15
926   1.0351892e-13  1.3250706e-15
928   1.0363498e-13  1.2921253e-15
930   1.0308829e-13  1.2824717e-15
932   1.0246577e-13  1.3213815e-15
934   1.0223949e-13  1.3919117e-15
936   1.0196262e-13  1.4463282e-15
938   1.0183141e-13  1.4587700e-15
940   1.0116781e-13  1.4218325e-15
942   1.0051932e-13  1.3767549e-15
944   1.0106135e-13  1.3844106e-15
946   1.0007401e-13  1.4281271e-15
948   9.9457084e-14  1.5093259e-15
950   9.9879220e-14  1.5922032e-15
952   9.8799556e-14  1.6015514e-15
954   9.8230967e-14  1.5660770e-15
956   9.8323980e-14  1.5202902e-15
958   9.7592790e-14  1.4947786e-15
960   9.7073060e-14  1.5434484e-15
962   9.6535910e-14  1.6489644e-15
964   9.6254580e-14  1.7627832e-15
966   9.4979870e-14  1.8095542e-15
968   9.4469080e-14  1.8000742e-15
970   9.4312924e-14  1.7458537e-15
972   9.2838850e-14  1.6731467e-15
974   9.2934550e-14  1.7006962e-15
976   9.2418860e-14  1.8101456e-15
978   9.1041940e-14  1.9476377e-15
980   9.1576533e-14  2.0989972e-15
982   9.0082835e-14  2.1233136e-15
984   8.9787560e-14  2.0835062e-15
986   8.9137594e-14  1.9848004e-15
988   8.7552560e-14  1.9051925e-15
990   8.7751390e-14  1.9988893e-15
992   8.6104775e-14  2.2007616e-15
994   8.5712780e-14  2.5055300e-15
996   8.5137253e-14  2.7716754e-15
998   8.3721450e-14  2.8920009e-15
1000  8.3180900e-14  2.8920204e-15
1002  8.2350515e-14  2.7719579e-15
1004  8.1206460e-14  2.6682906e-15
1006  8.1398210e-14  2.8391140e-15
1008  8.0440400e-14  3.3000478e-15
1010  8.0756995e-14  4.0291003e-15
1012  8.1733930e-14  4.8065800e-15
1014  8.1461015e-14  5.3234263e-15
1016  8.3546340e-14  5.6775547e-15
1018  8.3022120e-14  5.5158310e-15
1020  8.4632130e-14  5.3178067e-15
