# K2V star p Eri A = HD 10360 = Gaia DR3 4911306239828325632
# negligibly reddened (d=8pc), Gaia DR3 spec
# lam(nm) Flux(W/m2/nm) unc_Flux(W/m2/nm) 
336   8.3681770e-14  8.2764640e-15
338   8.1293680e-14  6.5217890e-15
340   7.2705760e-14  5.5477920e-15
342   6.5741093e-14  5.0827974e-15
344   6.7662205e-14  4.9608805e-15
346   7.0595630e-14  5.0701825e-15
348   6.6594340e-14  5.4246950e-15
350   6.1989520e-14  5.9264464e-15
352   7.0575390e-14  6.6806463e-15
354   8.4161620e-14  7.2273960e-15
356   7.8172360e-14  7.1296340e-15
358   6.1722586e-14  6.3828583e-15
360   5.8616670e-14  6.0996230e-15
362   6.6441440e-14  5.9666060e-15
364   7.2063060e-14  6.1213570e-15
366   7.2449886e-14  6.4560813e-15
368   7.5930650e-14  6.8365900e-15
370   8.3356430e-14  7.4576760e-15
372   8.1754516e-14  7.5469255e-15
374   6.4514644e-14  8.4789500e-15
376   4.7081520e-14  8.7467970e-15
378   5.0403204e-14  9.4872925e-15
380   6.7587980e-14  1.0261963e-14
382   6.8874865e-14  9.8580660e-15
384   4.6085812e-14  1.0329880e-14
386   2.6869613e-14  9.4166410e-15
388   3.5201968e-14  8.5824340e-15
390   6.0553160e-14  8.2387400e-15
392   7.7476170e-14  7.0032625e-15
394   7.6374670e-14  6.6452615e-15
396   6.9567950e-14  6.3916534e-15
398   7.4392960e-14  5.6577663e-15
400   9.5547336e-14  5.7016660e-15
402   1.2264320e-13  5.6295350e-15
404   1.3950782e-13  5.1207017e-15
406   1.3958900e-13  5.2840503e-15
408   1.2933663e-13  5.3569104e-15
410   1.2133262e-13  4.8975445e-15
412   1.2363889e-13  4.9715832e-15
414   1.3451587e-13  5.2406792e-15
416   1.4386226e-13  4.8614870e-15
418   1.4318688e-13  4.6457400e-15
420   1.3161663e-13  5.0152190e-15
422   1.1620755e-13  4.9663400e-15
424   1.0659254e-13  4.4959320e-15
426   1.0835662e-13  4.5383530e-15
428   1.1930421e-13  4.8129320e-15
430   1.3275169e-13  4.5923217e-15
432   1.4169036e-13  4.2212240e-15
434   1.4331247e-13  4.3001483e-15
436   1.4050646e-13  4.4289380e-15
438   1.3888462e-13  4.1616397e-15
440   1.4240913e-13  3.8221080e-15
442   1.5216662e-13  3.8529674e-15
444   1.6550978e-13  3.9686886e-15
446   1.7812800e-13  3.8094650e-15
448   1.8638692e-13  3.5305278e-15
450   1.8902599e-13  3.4467162e-15
452   1.8765465e-13  3.4900550e-15
454   1.8530173e-13  3.4070393e-15
456   1.8460846e-13  3.1950856e-15
458   1.8719245e-13  3.0490067e-15
460   1.9212854e-13  3.0184506e-15
462   1.9777726e-13  2.9785249e-15
464   2.0199054e-13  2.8580063e-15
466   2.0306924e-13  2.7201487e-15
468   2.0162436e-13  2.6452187e-15
470   1.9799016e-13  2.5918404e-15
472   1.9410244e-13  2.5026298e-15
474   1.9140906e-13  2.3831388e-15
476   1.9047936e-13  2.2837404e-15
478   1.9113927e-13  2.2224251e-15
480   1.9295511e-13  2.1687385e-15
482   1.9423417e-13  2.0856069e-15
484   1.9470942e-13  1.9926302e-15
486   1.9328827e-13  1.9137405e-15
488   1.9062986e-13  1.8603173e-15
490   1.8731199e-13  1.8100584e-15
492   1.8416105e-13  1.7467871e-15
494   1.8145235e-13  1.6753801e-15
496   1.7959775e-13  1.6158770e-15
498   1.7883375e-13  1.5753283e-15
500   1.7869636e-13  1.5388590e-15
502   1.7795189e-13  1.4878034e-15
504   1.7694287e-13  1.4334047e-15
506   1.7487842e-13  1.3866394e-15
508   1.7198220e-13  1.3571387e-15
510   1.6870209e-13  1.3371579e-15
512   1.6538046e-13  1.3099702e-15
514   1.6277652e-13  1.2713566e-15
516   1.6141481e-13  1.2306374e-15
518   1.6154658e-13  1.2018912e-15
520   1.6291376e-13  1.1881238e-15
522   1.6584900e-13  1.1841661e-15
524   1.6979346e-13  1.1745450e-15
526   1.7398827e-13  1.1506768e-15
528   1.7815765e-13  1.1193912e-15
530   1.8187058e-13  1.0926297e-15
532   1.8438621e-13  1.0761774e-15
534   1.8594060e-13  1.0700585e-15
536   1.8691425e-13  1.0660324e-15
538   1.8710600e-13  1.0527962e-15
540   1.8664414e-13  1.0285062e-15
542   1.8619747e-13  1.0026807e-15
544   1.8604234e-13  9.8575210e-16
546   1.8569117e-13  9.7968280e-16
548   1.8574024e-13  9.8356240e-16
550   1.8618156e-13  9.8759970e-16
552   1.8702900e-13  9.8329300e-16
554   1.8749424e-13  9.6432050e-16
556   1.8833646e-13  9.3999360e-16
558   1.8905442e-13  9.1787160e-16
560   1.8945197e-13  9.0660460e-16
562   1.8967008e-13  9.1029250e-16
564   1.8980100e-13  9.2471240e-16
566   1.8997511e-13  9.4098070e-16
568   1.9008230e-13  9.4947390e-16
570   1.9064658e-13  9.4807680e-16
572   1.9156877e-13  9.3723340e-16
574   1.9197302e-13  9.1842670e-16
576   1.9213583e-13  9.0089280e-16
578   1.9158544e-13  8.8837870e-16
580   1.9085294e-13  8.8439674e-16
582   1.8953433e-13  8.8316324e-16
584   1.8757152e-13  8.7832340e-16
586   1.8610756e-13  8.7027780e-16
588   1.8474568e-13  8.5523244e-16
590   1.8392586e-13  8.3653530e-16
592   1.8410969e-13  8.1997730e-16
594   1.8394723e-13  8.0439267e-16
596   1.8400190e-13  7.9671450e-16
598   1.8483286e-13  8.0157655e-16
600   1.8585938e-13  8.1577970e-16
602   1.8688721e-13  8.3521920e-16
604   1.8737548e-13  8.5285233e-16
606   1.8753826e-13  8.6519143e-16
608   1.8716119e-13  8.6826060e-16
610   1.8650752e-13  8.6233656e-16
612   1.8570776e-13  8.4908880e-16
614   1.8473875e-13  8.3091444e-16
616   1.8364240e-13  8.1107870e-16
618   1.8278311e-13  7.9385070e-16
620   1.8138168e-13  7.7739165e-16
622   1.8057695e-13  7.6679450e-16
624   1.8098707e-13  7.6370960e-16
626   1.8142467e-13  7.6171577e-16
628   1.8219194e-13  7.6086524e-16
630   1.8318393e-13  7.6005480e-16
632   1.8386497e-13  7.5717110e-16
634   1.8470991e-13  7.5503400e-16
636   1.8480484e-13  7.0677850e-16
638   1.8085751e-13  8.6993047e-16
640   1.7486536e-13  1.2199565e-15
642   1.7159492e-13  1.7247761e-15
644   1.7064540e-13  2.0098633e-15
646   1.7232668e-13  1.9438940e-15
648   1.7509075e-13  1.8539588e-15
650   1.7752526e-13  1.8062537e-15
652   1.7801616e-13  1.7459871e-15
654   1.7672422e-13  1.6646519e-15
656   1.7495066e-13  1.6102323e-15
658   1.7437851e-13  1.5638081e-15
660   1.7580956e-13  1.4971447e-15
662   1.7840442e-13  1.4481464e-15
664   1.8047646e-13  1.4176968e-15
666   1.8060759e-13  1.3594577e-15
668   1.7912981e-13  1.3026103e-15
670   1.7702403e-13  1.2847808e-15
672   1.7513030e-13  1.2519474e-15
674   1.7415043e-13  1.1854598e-15
676   1.7465165e-13  1.1605621e-15
678   1.7519281e-13  1.1656475e-15
680   1.7519018e-13  1.1204368e-15
682   1.7438310e-13  1.0580007e-15
684   1.7273888e-13  1.0656181e-15
686   1.7098667e-13  1.0825605e-15
688   1.6985813e-13  1.0267178e-15
690   1.6939136e-13  9.7335740e-16
692   1.6906264e-13  9.9664330e-16
694   1.6914010e-13  1.0032293e-15
696   1.6863853e-13  9.3284830e-16
698   1.6770762e-13  8.9338070e-16
700   1.6649470e-13  9.3075400e-16
702   1.6594442e-13  9.2755160e-16
704   1.6532512e-13  8.5020974e-16
706   1.6498612e-13  8.2681040e-16
708   1.6481532e-13  8.7711924e-16
710   1.6388709e-13  8.6495955e-16
712   1.6245333e-13  7.8383577e-16
714   1.6087157e-13  7.7409595e-16
716   1.5972854e-13  8.4007510e-16
718   1.5917984e-13  8.3501240e-16
720   1.5891725e-13  7.4924520e-16
722   1.5948987e-13  7.3259557e-16
724   1.5951340e-13  7.9859720e-16
726   1.5909572e-13  8.0262770e-16
728   1.5855158e-13  7.2414620e-16
730   1.5738345e-13  6.9597886e-16
732   1.5591128e-13  7.5850096e-16
734   1.5480652e-13  7.7458470e-16
736   1.5449737e-13  6.9877860e-16
738   1.5434690e-13  6.4710617e-16
740   1.5429407e-13  7.0212176e-16
742   1.5426726e-13  7.4537460e-16
744   1.5376264e-13  6.9215890e-16
746   1.5300364e-13  6.2567450e-16
748   1.5201989e-13  6.6207203e-16
750   1.5153284e-13  7.2755064e-16
752   1.5103964e-13  7.0280340e-16
754   1.5113754e-13  6.2086303e-16
756   1.5098128e-13  6.1416370e-16
758   1.5095069e-13  6.8931605e-16
760   1.5080922e-13  7.1227657e-16
762   1.5007644e-13  6.4198810e-16
764   1.4925031e-13  5.8344625e-16
766   1.4860459e-13  6.3401136e-16
768   1.4815639e-13  7.0132406e-16
770   1.4831738e-13  6.8087980e-16
772   1.4831738e-13  5.9531815e-16
774   1.4821712e-13  5.7541383e-16
776   1.4809174e-13  6.5331207e-16
778   1.4764095e-13  7.0324794e-16
780   1.4682344e-13  6.5813800e-16
782   1.4547276e-13  5.7821730e-16
784   1.4462140e-13  5.8881830e-16
786   1.4383411e-13  6.7194123e-16
788   1.4329053e-13  7.0787210e-16
790   1.4310101e-13  6.5722800e-16
792   1.4296489e-13  5.9025316e-16
794   1.4291100e-13  6.0855510e-16
796   1.4263290e-13  6.8234957e-16
798   1.4173276e-13  7.0936100e-16
800   1.4067537e-13  6.6335140e-16
802   1.3922732e-13  6.0524025e-16
804   1.3769697e-13  6.1884560e-16
806   1.3669587e-13  6.8550345e-16
808   1.3586796e-13  7.1869623e-16
810   1.3536531e-13  6.8624230e-16
812   1.3525146e-13  6.2965420e-16
814   1.3486442e-13  6.1785220e-16
816   1.3517020e-13  6.6611624e-16
818   1.3496748e-13  7.0976300e-16
820   1.3479852e-13  7.1006340e-16
822   1.3409324e-13  6.7638985e-16
824   1.3329255e-13  6.5627980e-16
826   1.3276413e-13  6.7659440e-16
828   1.3220660e-13  7.1192563e-16
830   1.3164606e-13  7.2778470e-16
832   1.3126402e-13  7.1863030e-16
834   1.3065925e-13  7.0264183e-16
836   1.3014977e-13  7.0308910e-16
838   1.2994304e-13  7.2149245e-16
840   1.2909049e-13  7.3807656e-16
842   1.2824847e-13  7.4730360e-16
844   1.2660896e-13  7.4688824e-16
846   1.2585568e-13  7.5195143e-16
848   1.2507083e-13  7.5725603e-16
850   1.2446409e-13  7.6215760e-16
852   1.2361354e-13  7.6690880e-16
854   1.2325679e-13  7.8150830e-16
856   1.2308280e-13  8.0240665e-16
858   1.2326627e-13  8.1959665e-16
860   1.2322607e-13  8.1948840e-16
862   1.2306382e-13  8.0733775e-16
864   1.2311423e-13  8.0475023e-16
866   1.2312329e-13  8.2657726e-16
868   1.2384844e-13  8.7125465e-16
870   1.2315077e-13  8.9789640e-16
872   1.2357551e-13  9.0422300e-16
874   1.2347530e-13  8.8185850e-16
876   1.2369291e-13  8.6413343e-16
878   1.2396575e-13  8.7771040e-16
880   1.2488862e-13  9.2673720e-16
882   1.2494781e-13  9.7074910e-16
884   1.2478716e-13  9.8534760e-16
886   1.2423744e-13  9.6502890e-16
888   1.2366970e-13  9.3717650e-16
890   1.2314965e-13  9.3769940e-16
892   1.2226133e-13  9.7612860e-16
894   1.2123646e-13  1.0293195e-15
896   1.2080208e-13  1.0665136e-15
898   1.1992334e-13  1.0599815e-15
900   1.1947125e-13  1.0287947e-15
902   1.1914524e-13  1.0051210e-15
904   1.1849682e-13  1.0169907e-15
906   1.1780739e-13  1.0648545e-15
908   1.1778650e-13  1.1228508e-15
910   1.1693718e-13  1.1450148e-15
912   1.1620795e-13  1.1318634e-15
914   1.1569818e-13  1.1038930e-15
916   1.1527162e-13  1.0940588e-15
918   1.1402314e-13  1.1148179e-15
920   1.1344434e-13  1.1676562e-15
922   1.1377006e-13  1.2220719e-15
924   1.1308897e-13  1.2314120e-15
926   1.1260042e-13  1.2070298e-15
928   1.1305552e-13  1.1814389e-15
930   1.1278717e-13  1.1721245e-15
932   1.1238731e-13  1.2030924e-15
934   1.1233409e-13  1.2634267e-15
936   1.1211138e-13  1.3132999e-15
938   1.1192801e-13  1.3292204e-15
940   1.1105517e-13  1.3007720e-15
942   1.1013335e-13  1.2593620e-15
944   1.1050140e-13  1.2557634e-15
946   1.0924371e-13  1.2774846e-15
948   1.0849509e-13  1.3349324e-15
950   1.0902557e-13  1.4024183e-15
952   1.0808072e-13  1.4141325e-15
954   1.0784798e-13  1.3911643e-15
956   1.0846270e-13  1.3563226e-15
958   1.0822992e-13  1.3278862e-15
960   1.0821705e-13  1.3514467e-15
962   1.0809557e-13  1.4197726e-15
964   1.0810553e-13  1.5003998e-15
966   1.0679704e-13  1.5328626e-15
968   1.0612826e-13  1.5248552e-15
970   1.0565474e-13  1.4811670e-15
972   1.0355524e-13  1.4169895e-15
974   1.0313277e-13  1.4278295e-15
976   1.0204608e-13  1.5008264e-15
978   1.0012585e-13  1.5990443e-15
980   1.0050458e-13  1.7147189e-15
982   9.8910504e-14  1.7319190e-15
984   9.8910350e-14  1.6988446e-15
986   9.8785090e-14  1.6148184e-15
988   9.7829907e-14  1.5386009e-15
990   9.9002840e-14  1.5955123e-15
992   9.8127005e-14  1.7410756e-15
994   9.8597495e-14  1.9765965e-15
996   9.8675580e-14  2.1890683e-15
998   9.7494075e-14  2.2900440e-15
1000  9.6976734e-14  2.2946802e-15
1002  9.5737230e-14  2.1959615e-15
1004  9.3769495e-14  2.0930800e-15
1006  9.3046160e-14  2.1885506e-15
1008  9.0841740e-14  2.5123860e-15
1010  9.0090810e-14  3.0596270e-15
1012  9.0286860e-14  3.6578885e-15
1014  8.9553600e-14  4.0631933e-15
1016  9.2088216e-14  4.3427280e-15
1018  9.2590990e-14  4.2195586e-15
1020  9.6431950e-14  4.0527075e-15
