# Model SED for star xi Boo A = HD 131156A = GJ 566 A                      
# Spectral template: G7V_HD111395_GaiaDR3_spec.dat   
# Adjusted Vmag(template)= 6.292 to Vmag(target)= 4.670
#lam(nm) Flux(W/m2/nm) unc_Flux(W/m2/nm)
  336 0.305529E-12 0.303432E-13
  338 0.307337E-12 0.251857E-13
  340 0.274393E-12 0.218000E-13
  342 0.250456E-12 0.208400E-13
  344 0.251422E-12 0.209809E-13
  346 0.245147E-12 0.219105E-13
  348 0.223452E-12 0.238836E-13
  350 0.223878E-12 0.270849E-13
  352 0.274686E-12 0.305587E-13
  354 0.318645E-12 0.340750E-13
  356 0.283564E-12 0.332799E-13
  358 0.231314E-12 0.301753E-13
  360 0.233969E-12 0.286099E-13
  362 0.262579E-12 0.282193E-13
  364 0.275125E-12 0.288122E-13
  366 0.277739E-12 0.307924E-13
  368 0.299917E-12 0.324718E-13
  370 0.330334E-12 0.355709E-13
  372 0.324214E-12 0.371260E-13
  374 0.275081E-12 0.403995E-13
  376 0.235921E-12 0.436000E-13
  378 0.254414E-12 0.462551E-13
  380 0.294785E-12 0.502219E-13
  382 0.284892E-12 0.506260E-13
  384 0.228433E-12 0.500818E-13
  386 0.197661E-12 0.481303E-13
  388 0.225317E-12 0.442140E-13
  390 0.267267E-12 0.403058E-13
  392 0.276891E-12 0.368296E-13
  394 0.259824E-12 0.340330E-13
  396 0.259461E-12 0.315704E-13
  398 0.305002E-12 0.299792E-13
  400 0.382180E-12 0.289628E-13
  402 0.450505E-12 0.276648E-13
  404 0.474654E-12 0.269710E-13
  406 0.457714E-12 0.267943E-13
  408 0.431070E-12 0.259253E-13
  410 0.426210E-12 0.254680E-13
  412 0.450532E-12 0.256381E-13
  414 0.486733E-12 0.250679E-13
  416 0.505068E-12 0.244831E-13
  418 0.491494E-12 0.248415E-13
  420 0.454725E-12 0.245832E-13
  422 0.417966E-12 0.236489E-13
  424 0.401782E-12 0.237390E-13
  426 0.411297E-12 0.240098E-13
  428 0.433384E-12 0.229449E-13
  430 0.451685E-12 0.221091E-13
  432 0.455685E-12 0.226233E-13
  434 0.447561E-12 0.225098E-13
  436 0.440244E-12 0.210498E-13
  438 0.446538E-12 0.203782E-13
  440 0.469049E-12 0.210819E-13
  442 0.502256E-12 0.209448E-13
  444 0.534495E-12 0.193326E-13
  446 0.555491E-12 0.184053E-13
  448 0.561152E-12 0.191352E-13
  450 0.554755E-12 0.193923E-13
  452 0.544966E-12 0.179843E-13
  454 0.540103E-12 0.165037E-13
  456 0.543767E-12 0.167582E-13
  458 0.555447E-12 0.175404E-13
  460 0.568704E-12 0.168673E-13
  462 0.578108E-12 0.150477E-13
  464 0.579765E-12 0.141384E-13
  466 0.572790E-12 0.148330E-13
  468 0.562712E-12 0.153706E-13
  470 0.552561E-12 0.144005E-13
  472 0.547453E-12 0.126181E-13
  474 0.549029E-12 0.118425E-13
  476 0.555419E-12 0.125200E-13
  478 0.562940E-12 0.130765E-13
  480 0.568587E-12 0.124174E-13
  482 0.567498E-12 0.108568E-13
  484 0.560623E-12 0.982192E-14
  486 0.547452E-12 0.101215E-13
  488 0.532616E-12 0.108484E-13
  490 0.519791E-12 0.108214E-13
  492 0.512201E-12 0.983328E-14
  494 0.510284E-12 0.857620E-14
  496 0.513836E-12 0.808698E-14
  498 0.521667E-12 0.852311E-14
  500 0.530631E-12 0.900609E-14
  502 0.535702E-12 0.881736E-14
  504 0.537213E-12 0.799341E-14
  506 0.532785E-12 0.705741E-14
  508 0.523602E-12 0.670190E-14
  510 0.511796E-12 0.701373E-14
  512 0.499178E-12 0.740725E-14
  514 0.488641E-12 0.739322E-14
  516 0.482069E-12 0.689398E-14
  518 0.480225E-12 0.619317E-14
  520 0.482124E-12 0.573513E-14
  522 0.488408E-12 0.577917E-14
  524 0.497075E-12 0.609500E-14
  526 0.505653E-12 0.628895E-14
  528 0.513265E-12 0.616565E-14
  530 0.518767E-12 0.576471E-14
  532 0.520323E-12 0.529260E-14
  534 0.519012E-12 0.502510E-14
  536 0.516325E-12 0.507157E-14
  538 0.512102E-12 0.527839E-14
  540 0.507022E-12 0.541921E-14
  542 0.503084E-12 0.537490E-14
  544 0.501044E-12 0.515067E-14
  546 0.499454E-12 0.483814E-14
  548 0.499667E-12 0.460190E-14
  550 0.501339E-12 0.453745E-14
  552 0.504171E-12 0.462317E-14
  554 0.505739E-12 0.473340E-14
  556 0.507865E-12 0.478479E-14
  558 0.509067E-12 0.472006E-14
  560 0.508786E-12 0.455414E-14
  562 0.507467E-12 0.435666E-14
  564 0.505495E-12 0.420850E-14
  566 0.503403E-12 0.416209E-14
  568 0.501109E-12 0.420760E-14
  570 0.500203E-12 0.430234E-14
  572 0.500596E-12 0.438007E-14
  574 0.500137E-12 0.437794E-14
  576 0.499632E-12 0.429411E-14
  578 0.497859E-12 0.414227E-14
  580 0.496131E-12 0.397673E-14
  582 0.493272E-12 0.382999E-14
  584 0.488972E-12 0.372279E-14
  586 0.486048E-12 0.367294E-14
  588 0.483323E-12 0.364928E-14
  590 0.481830E-12 0.363407E-14
  592 0.482693E-12 0.361802E-14
  594 0.482315E-12 0.356867E-14
  596 0.482139E-12 0.350336E-14
  598 0.483622E-12 0.344685E-14
  600 0.485258E-12 0.340482E-14
  602 0.486578E-12 0.338729E-14
  604 0.486239E-12 0.338952E-14
  606 0.484888E-12 0.340998E-14
  608 0.482071E-12 0.343136E-14
  610 0.478572E-12 0.344262E-14
  612 0.474818E-12 0.343332E-14
  614 0.470825E-12 0.339633E-14
  616 0.466752E-12 0.333259E-14
  618 0.463551E-12 0.325430E-14
  620 0.459249E-12 0.315631E-14
  622 0.456711E-12 0.306765E-14
  624 0.457460E-12 0.300505E-14
  626 0.458448E-12 0.295224E-14
  628 0.460393E-12 0.291559E-14
  630 0.462981E-12 0.289280E-14
  632 0.464813E-12 0.287435E-14
  634 0.467047E-12 0.286710E-14
  636 0.468264E-12 0.260174E-14
  638 0.459678E-12 0.270923E-14
  640 0.446025E-12 0.348549E-14
  642 0.440692E-12 0.491620E-14
  644 0.441241E-12 0.579697E-14
  646 0.445763E-12 0.553986E-14
  648 0.449998E-12 0.527809E-14
  650 0.450713E-12 0.528325E-14
  652 0.445784E-12 0.513862E-14
  654 0.438197E-12 0.482663E-14
  656 0.432916E-12 0.475179E-14
  658 0.433849E-12 0.473359E-14
  660 0.440830E-12 0.444818E-14
  662 0.449115E-12 0.423827E-14
  664 0.452998E-12 0.430209E-14
  666 0.449454E-12 0.416650E-14
  668 0.441389E-12 0.381126E-14
  670 0.433495E-12 0.377239E-14
  672 0.428953E-12 0.390178E-14
  674 0.428849E-12 0.367493E-14
  676 0.432745E-12 0.335722E-14
  678 0.435294E-12 0.342683E-14
  680 0.434385E-12 0.349702E-14
  682 0.430101E-12 0.320585E-14
  684 0.423873E-12 0.300724E-14
  686 0.418766E-12 0.318488E-14
  688 0.416805E-12 0.317581E-14
  690 0.417224E-12 0.282454E-14
  692 0.417432E-12 0.271899E-14
  694 0.417218E-12 0.295125E-14
  696 0.414204E-12 0.289607E-14
  698 0.409608E-12 0.255187E-14
  700 0.404822E-12 0.251852E-14
  702 0.402687E-12 0.275249E-14
  704 0.401180E-12 0.266619E-14
  706 0.400361E-12 0.234650E-14
  708 0.399221E-12 0.237314E-14
  710 0.395359E-12 0.263345E-14
  712 0.389950E-12 0.259003E-14
  714 0.384802E-12 0.228420E-14
  716 0.382060E-12 0.221580E-14
  718 0.382140E-12 0.240968E-14
  720 0.383558E-12 0.241915E-14
  722 0.386493E-12 0.221179E-14
  724 0.386678E-12 0.212070E-14
  726 0.384174E-12 0.224762E-14
  728 0.380369E-12 0.230906E-14
  730 0.375187E-12 0.219393E-14
  732 0.370441E-12 0.207690E-14
  734 0.368159E-12 0.208565E-14
  736 0.368987E-12 0.213821E-14
  738 0.370470E-12 0.215000E-14
  740 0.371448E-12 0.213445E-14
  742 0.371164E-12 0.209718E-14
  744 0.368502E-12 0.204154E-14
  746 0.364689E-12 0.203719E-14
  748 0.360707E-12 0.209663E-14
  750 0.358930E-12 0.211394E-14
  752 0.358248E-12 0.201647E-14
  754 0.359559E-12 0.194022E-14
  756 0.360004E-12 0.201890E-14
  758 0.359740E-12 0.213876E-14
  760 0.357923E-12 0.210230E-14
  762 0.353744E-12 0.194018E-14
  764 0.349186E-12 0.191240E-14
  766 0.345809E-12 0.208684E-14
  768 0.344295E-12 0.219863E-14
  770 0.345692E-12 0.208454E-14
  772 0.347701E-12 0.188396E-14
  774 0.349567E-12 0.190930E-14
  776 0.350561E-12 0.213140E-14
  778 0.349404E-12 0.223170E-14
  780 0.345970E-12 0.209045E-14
  782 0.340384E-12 0.189817E-14
  784 0.335907E-12 0.194507E-14
  786 0.332360E-12 0.214360E-14
  788 0.330708E-12 0.220946E-14
  790 0.331259E-12 0.207044E-14
  792 0.332897E-12 0.191803E-14
  794 0.334985E-12 0.197088E-14
  796 0.336098E-12 0.212948E-14
  798 0.334819E-12 0.215905E-14
  800 0.332135E-12 0.202422E-14
  802 0.327738E-12 0.189458E-14
  804 0.322826E-12 0.194488E-14
  806 0.319323E-12 0.209171E-14
  808 0.316734E-12 0.213273E-14
  810 0.315499E-12 0.202588E-14
  812 0.315597E-12 0.190822E-14
  814 0.315158E-12 0.192308E-14
  816 0.316096E-12 0.204258E-14
  818 0.315383E-12 0.209345E-14
  820 0.314256E-12 0.202563E-14
  822 0.311553E-12 0.192125E-14
  824 0.308593E-12 0.191818E-14
  826 0.306530E-12 0.201766E-14
  828 0.304866E-12 0.208887E-14
  830 0.303691E-12 0.205383E-14
  832 0.303269E-12 0.196202E-14
  834 0.302386E-12 0.192244E-14
  836 0.301460E-12 0.198408E-14
  838 0.300728E-12 0.207196E-14
  840 0.297898E-12 0.208272E-14
  842 0.294569E-12 0.202471E-14
  844 0.289130E-12 0.196168E-14
  846 0.285755E-12 0.198493E-14
  848 0.282650E-12 0.205449E-14
  850 0.280510E-12 0.209772E-14
  852 0.278448E-12 0.207456E-14
  854 0.278020E-12 0.203698E-14
  856 0.278295E-12 0.204157E-14
  858 0.279383E-12 0.209939E-14
  860 0.279709E-12 0.214811E-14
  862 0.279334E-12 0.214463E-14
  864 0.278986E-12 0.210973E-14
  866 0.278186E-12 0.209904E-14
  868 0.278831E-12 0.216254E-14
  870 0.276335E-12 0.222803E-14
  872 0.276620E-12 0.227334E-14
  874 0.276099E-12 0.224216E-14
  876 0.276657E-12 0.219251E-14
  878 0.277595E-12 0.219498E-14
  880 0.280064E-12 0.228765E-14
  882 0.280474E-12 0.238727E-14
  884 0.280100E-12 0.242628E-14
  886 0.278486E-12 0.237514E-14
  888 0.276488E-12 0.229311E-14
  890 0.274374E-12 0.227608E-14
  892 0.271406E-12 0.236264E-14
  894 0.268317E-12 0.249866E-14
  896 0.266893E-12 0.259807E-14
  898 0.264951E-12 0.258349E-14
  900 0.264423E-12 0.250147E-14
  902 0.264551E-12 0.244089E-14
  904 0.264160E-12 0.248010E-14
  906 0.263653E-12 0.261437E-14
  908 0.264409E-12 0.276415E-14
  910 0.262909E-12 0.280633E-14
  912 0.261197E-12 0.274566E-14
  914 0.259510E-12 0.265014E-14
  916 0.257641E-12 0.262461E-14
  918 0.253741E-12 0.270614E-14
  920 0.251337E-12 0.287407E-14
  922 0.251113E-12 0.302558E-14
  924 0.248981E-12 0.303455E-14
  926 0.247651E-12 0.293897E-14
  928 0.248745E-12 0.284570E-14
  930 0.248493E-12 0.282857E-14
  932 0.248043E-12 0.294887E-14
  934 0.248281E-12 0.314793E-14
  936 0.247921E-12 0.329511E-14
  938 0.247325E-12 0.332199E-14
  940 0.244855E-12 0.321630E-14
  942 0.241980E-12 0.308916E-14
  944 0.241751E-12 0.310082E-14
  946 0.237945E-12 0.322239E-14
  948 0.235420E-12 0.343950E-14
  950 0.235992E-12 0.364908E-14
  952 0.233802E-12 0.366840E-14
  954 0.233620E-12 0.356615E-14
  956 0.235698E-12 0.343680E-14
  958 0.236233E-12 0.337440E-14
  960 0.237364E-12 0.351326E-14
  962 0.238170E-12 0.379680E-14
  964 0.238983E-12 0.408648E-14
  966 0.236437E-12 0.419231E-14
  968 0.234768E-12 0.413782E-14
  970 0.232979E-12 0.396163E-14
  972 0.227139E-12 0.375481E-14
  974 0.224660E-12 0.382282E-14
  976 0.220615E-12 0.412831E-14
  978 0.214911E-12 0.451066E-14
  980 0.214495E-12 0.490261E-14
  982 0.210397E-12 0.496058E-14
  984 0.210329E-12 0.483050E-14
  986 0.210641E-12 0.453892E-14
  988 0.209739E-12 0.430585E-14
  990 0.213813E-12 0.453211E-14
  992 0.213659E-12 0.507145E-14
  994 0.216386E-12 0.586314E-14
  996 0.217980E-12 0.654007E-14
  998 0.216282E-12 0.683078E-14
 1000 0.215377E-12 0.678885E-14
 1002 0.212089E-12 0.642101E-14
 1004 0.206399E-12 0.608713E-14
 1006 0.202733E-12 0.646876E-14
 1008 0.195323E-12 0.764040E-14
 1010 0.190823E-12 0.948108E-14
 1012 0.188432E-12 0.114113E-13
 1014 0.184646E-12 0.126626E-13
 1016 0.188521E-12 0.134443E-13
 1018 0.189451E-12 0.129035E-13
 1020 0.198576E-12 0.121826E-13
